#########################################################################
:FileType xy  ASCII  EnSim 1.0
# Canadian Hydraulics Centre/National Research Council (c) 1998-2012
# DataType                 XY DataObject
#
:Application              BlueKenue
:Version                  3.3.4
:WrittenBy                gegenleithner_admin
:CreationDate             Thu, Jul 20, 2023 08:54 AM
#
#------------------------------------------------------------------------
#
:AttributeName  1 
:AttributeUnits 1 m
:AttributeName  2 
:AttributeUnits 2 
:EndHeader
0 2.77315
0.0100013 2.77001
0.0200026 2.76686
0.0300038 2.76371
0.0400051 2.76057
0.0500064 2.75742
0.0600077 2.75427
0.070009 2.75113
0.0800103 2.74798
0.0900115 2.74483
0.100013 2.74168
0.110014 2.73854
0.120015 2.73539
0.130017 2.73224
0.140018 2.7291
0.150019 2.72595
0.160021 2.7228
0.170022 2.71966
0.180023 2.71651
0.190024 2.71336
0.200026 2.71021
0.210027 2.70707
0.220028 2.70392
0.230029 2.70077
0.240031 2.69763
0.250032 2.69448
0.260033 2.69133
0.270035 2.68819
0.280036 2.68504
0.290037 2.68189
0.300038 2.67874
0.31004 2.6756
0.320041 2.67245
0.330042 2.6693
0.340044 2.66616
0.350045 2.66301
0.360046 2.65986
0.370047 2.65672
0.380049 2.65357
0.39005 2.65042
0.400051 2.64727
0.410053 2.64413
0.420054 2.64098
0.430055 2.63783
0.440056 2.63469
0.450058 2.63154
0.460059 2.62839
0.47006 2.62525
0.480062 2.6221
0.490063 2.61895
0.500064 2.6158
0.510065 2.61266
0.520067 2.60951
0.530068 2.60636
0.540069 2.60322
0.550071 2.60007
0.560072 2.59692
0.570073 2.59378
0.580074 2.59063
0.590076 2.58748
0.600077 2.58433
0.610078 2.58119
0.620079 2.57804
0.630081 2.57489
0.640082 2.57175
0.650083 2.5686
0.660085 2.56545
0.670086 2.56231
0.680087 2.55916
0.690088 2.55601
0.70009 2.55286
0.710091 2.54972
0.720092 2.54657
0.730094 2.54342
0.740095 2.54028
0.750096 2.53713
0.760097 2.53398
0.770099 2.53084
0.7801 2.52769
0.790101 2.52454
0.800103 2.52139
0.810104 2.51825
0.820105 2.5151
0.830106 2.51195
0.840108 2.50881
0.850109 2.50566
0.86011 2.50251
0.870112 2.49937
0.880113 2.49622
0.890114 2.49307
0.900115 2.48992
0.910117 2.48678
0.920118 2.48363
0.930119 2.48048
0.94012 2.47734
0.950122 2.47419
0.960123 2.47104
0.970124 2.4679
0.980126 2.46475
0.990127 2.4616
1.00013 2.45845
1.01013 2.45531
1.02013 2.45216
1.03013 2.44901
1.04013 2.44587
1.05013 2.44272
1.06014 2.43957
1.07014 2.43643
1.08014 2.43328
1.09014 2.43013
1.10014 2.42698
1.11014 2.42384
1.12014 2.42069
1.13014 2.41754
1.14015 2.4144
1.15015 2.41125
1.16015 2.4081
1.17015 2.40496
1.18015 2.40181
1.19015 2.39866
1.20015 2.39551
1.21016 2.39237
1.22016 2.38922
1.23016 2.38607
1.24016 2.38293
1.25016 2.37978
1.26016 2.37663
1.27016 2.37348
1.28016 2.37034
1.29017 2.36719
1.30017 2.36404
1.31017 2.3609
1.32017 2.35775
1.33017 2.3546
1.34017 2.35146
1.35017 2.34831
1.36017 2.34516
1.37018 2.34201
1.38018 2.33887
1.39018 2.33572
1.40018 2.33257
1.41018 2.32943
1.42018 2.32628
1.43018 2.32313
1.44018 2.31999
1.45019 2.31684
1.46019 2.31369
1.47019 2.31054
1.48019 2.3074
1.49019 2.30425
1.50019 2.3011
1.51019 2.29796
1.52019 2.29481
1.5302 2.29166
1.5402 2.28852
1.5502 2.28537
1.5602 2.28222
1.5702 2.27907
1.5802 2.27593
1.5902 2.27278
1.60021 2.26963
1.61021 2.26649
1.62021 2.26334
1.63021 2.26019
1.64021 2.25705
1.65021 2.2539
1.66021 2.25075
1.67021 2.2476
1.68022 2.24446
1.69022 2.24131
1.70022 2.23816
1.71022 2.23502
1.72022 2.23187
1.73022 2.22872
1.74022 2.22558
1.75022 2.22243
1.76023 2.21928
1.77023 2.21613
1.78023 2.21299
1.79023 2.20984
1.80023 2.20669
1.81023 2.20355
1.82023 2.2004
1.83023 2.19725
1.84024 2.19411
1.85024 2.19096
1.86024 2.18781
1.87024 2.18466
1.88024 2.18152
1.89024 2.17837
1.90024 2.17522
1.91024 2.17208
1.92025 2.16893
1.93025 2.16578
1.94025 2.16263
1.95025 2.15949
1.96025 2.15634
1.97025 2.15319
1.98025 2.15005
1.99026 2.1469
2.00026 2.14375
2.01026 2.14061
2.02026 2.13746
2.03026 2.13431
2.04026 2.13116
2.05026 2.12802
2.06026 2.12487
2.07027 2.12172
2.08027 2.11858
2.09027 2.11543
2.10027 2.11228
2.11027 2.10914
2.12027 2.10599
2.13027 2.10284
2.14027 2.09969
2.15028 2.09655
2.16028 2.0934
2.17028 2.09025
2.18028 2.08711
2.19028 2.08396
2.20028 2.08081
2.21028 2.07767
2.22028 2.07452
2.23029 2.07137
2.24029 2.06822
2.25029 2.06508
2.26029 2.06193
2.27029 2.05878
2.28029 2.05564
2.29029 2.05249
2.30029 2.04934
2.3103 2.0462
2.3203 2.04305
2.3303 2.0399
2.3403 2.03675
2.3503 2.03361
2.3603 2.03046
2.3703 2.02731
2.38031 2.02417
2.39031 2.02102
2.40031 2.01787
2.41031 2.01473
2.42031 2.01158
2.43031 2.00843
2.44031 2.00528
2.45031 2.00214
2.46032 1.99899
2.47032 1.99584
2.48032 1.9927
2.49032 1.98955
2.50032 1.9864
2.51032 1.98326
2.52032 1.98011
2.53032 1.97696
2.54033 1.97381
2.55033 1.97067
2.56033 1.96752
2.57033 1.96437
2.58033 1.96123
2.59033 1.95808
2.60033 1.95493
2.61033 1.95178
2.62034 1.94864
2.63034 1.94549
2.64034 1.94234
2.65034 1.9392
2.66034 1.93605
2.67034 1.9329
2.68034 1.92976
2.69034 1.92661
2.70035 1.92346
2.71035 1.92031
2.72035 1.91717
2.73035 1.91402
2.74035 1.91087
2.75035 1.90773
2.76035 1.90458
2.77036 1.90143
2.78036 1.89829
2.79036 1.89514
2.80036 1.89199
2.81036 1.88884
2.82036 1.8857
2.83036 1.88255
2.84036 1.8794
2.85037 1.87626
2.86037 1.87311
2.87037 1.86996
2.88037 1.86682
2.89037 1.86367
2.90037 1.86052
2.91037 1.85737
2.92037 1.85423
2.93038 1.85108
2.94038 1.84793
2.95038 1.84479
2.96038 1.84164
2.97038 1.83849
2.98038 1.83535
2.99038 1.8322
3.00038 1.82905
3.01039 1.8259
3.02039 1.82276
3.03039 1.81961
3.04039 1.81646
3.05039 1.81332
3.06039 1.81017
3.07039 1.80702
3.08039 1.80388
3.0904 1.80073
3.1004 1.79758
3.1104 1.79443
3.1204 1.79129
3.1304 1.78814
3.1404 1.78499
3.1504 1.78185
3.16041 1.7787
3.17041 1.77555
3.18041 1.77241
3.19041 1.76926
3.20041 1.76611
3.21041 1.76296
3.22041 1.75982
3.23041 1.75667
3.24042 1.75352
3.25042 1.75038
3.26042 1.74723
3.27042 1.74408
3.28042 1.74094
3.29042 1.73779
3.30042 1.73464
3.31042 1.7315
3.32043 1.72835
3.33043 1.7252
3.34043 1.72205
3.35043 1.71891
3.36043 1.71576
3.37043 1.71261
3.38043 1.70947
3.39043 1.70632
3.40044 1.70317
3.41044 1.70003
3.42044 1.69688
3.43044 1.69373
3.44044 1.69058
3.45044 1.68744
3.46044 1.68429
3.47044 1.68114
3.48045 1.678
3.49045 1.67485
3.50045 1.6717
3.51045 1.66856
3.52045 1.66541
3.53045 1.66226
3.54045 1.65911
3.55046 1.65597
3.56046 1.65282
3.57046 1.64967
3.58046 1.64653
3.59046 1.64338
3.60046 1.64023
3.61046 1.63709
3.62046 1.63394
3.63047 1.63079
3.64047 1.62764
3.65047 1.6245
3.66047 1.62135
3.67047 1.6182
3.68047 1.61506
3.69047 1.61191
3.70047 1.60876
3.71048 1.60562
3.72048 1.60247
3.73048 1.59932
3.74048 1.59617
3.75048 1.59303
3.76048 1.58988
3.77048 1.58673
3.78048 1.58359
3.79049 1.58044
3.80049 1.57729
3.81049 1.57414
3.82049 1.571
3.83049 1.56785
3.84049 1.5647
3.85049 1.56156
3.86049 1.55841
3.8705 1.55526
3.8805 1.55212
3.8905 1.54897
3.9005 1.54582
3.9105 1.54267
3.9205 1.53953
3.9305 1.53638
3.94051 1.53323
3.95051 1.53009
3.96051 1.52694
3.97051 1.52379
3.98051 1.52065
3.99051 1.5175
4.00051 1.51435
4.01051 1.5112
4.02052 1.50806
4.03052 1.50491
4.04052 1.50176
4.05052 1.49862
4.06052 1.49547
4.07052 1.49232
4.08052 1.48918
4.09052 1.48603
4.10053 1.48288
4.11053 1.47973
4.12053 1.47659
4.13053 1.47344
4.14053 1.47029
4.15053 1.46715
4.16053 1.464
4.17053 1.46085
4.18054 1.45771
4.19054 1.45456
4.20054 1.45141
4.21054 1.44826
4.22054 1.44512
4.23054 1.44197
4.24054 1.43882
4.25054 1.43568
4.26055 1.43253
4.27055 1.42938
4.28055 1.42624
4.29055 1.42309
4.30055 1.41994
4.31055 1.41679
4.32055 1.41365
4.33056 1.4105
4.34056 1.40735
4.35056 1.40421
4.36056 1.40106
4.37056 1.39791
4.38056 1.39477
4.39056 1.39162
4.40056 1.38847
4.41057 1.38532
4.42057 1.38218
4.43057 1.37903
4.44057 1.37588
4.45057 1.37274
4.46057 1.36959
4.47057 1.36644
4.48057 1.3633
4.49058 1.36015
4.50058 1.357
4.51058 1.35385
4.52058 1.35071
4.53058 1.34756
4.54058 1.34441
4.55058 1.34127
4.56058 1.33812
4.57059 1.33497
4.58059 1.33183
4.59059 1.32868
4.60059 1.32553
4.61059 1.32238
4.62059 1.31924
4.63059 1.31609
4.64059 1.31294
4.6506 1.3098
4.6606 1.30665
4.6706 1.3035
4.6806 1.30036
4.6906 1.29721
4.7006 1.29406
4.7106 1.29091
4.72061 1.28777
4.73061 1.28462
4.74061 1.28147
4.75061 1.27833
4.76061 1.27518
4.77061 1.27203
4.78061 1.26889
4.79061 1.26574
4.80062 1.26259
4.81062 1.25944
4.82062 1.2563
4.83062 1.25315
4.84062 1.25
4.85062 1.24686
4.86062 1.24371
4.87062 1.24056
4.88063 1.23742
4.89063 1.23427
4.90063 1.23112
4.91063 1.22797
4.92063 1.22483
4.93063 1.22168
4.94063 1.21853
4.95063 1.21539
4.96064 1.21224
4.97064 1.20909
4.98064 1.20595
4.99064 1.2028
5.00064 1.19965
5.01064 1.1965
5.02064 1.19336
5.03064 1.19021
5.04065 1.18706
5.05065 1.18392
5.06065 1.18077
5.07065 1.17762
5.08065 1.17448
5.09065 1.17133
5.10065 1.16818
5.11066 1.16503
5.12066 1.16189
5.13066 1.15874
5.14066 1.15559
5.15066 1.15245
5.16066 1.1493
5.17066 1.14615
5.18066 1.14301
5.19067 1.13986
5.20067 1.13671
5.21067 1.13356
5.22067 1.13042
5.23067 1.12727
5.24067 1.12412
5.25067 1.12098
5.26067 1.11783
5.27068 1.11468
5.28068 1.11154
5.29068 1.10839
5.30068 1.10524
5.31068 1.10209
5.32068 1.09895
5.33068 1.0958
5.34068 1.09265
5.35069 1.08951
5.36069 1.08636
5.37069 1.08321
5.38069 1.08007
5.39069 1.07692
5.40069 1.07377
5.41069 1.07062
5.42069 1.06748
5.4307 1.06433
5.4407 1.06118
5.4507 1.05804
5.4607 1.05489
5.4707 1.05174
5.4807 1.0486
5.4907 1.04545
5.50071 1.0423
5.51071 1.03915
5.52071 1.03601
5.53071 1.03286
5.54071 1.02971
5.55071 1.02657
5.56071 1.02342
5.57071 1.02027
5.58072 1.01713
5.59072 1.01398
5.60072 1.01083
5.61072 1.00768
5.62072 1.00454
5.63072 1.00139
5.64072 0.998243
5.65072 0.995096
5.66073 0.991949
5.67073 0.988802
5.68073 0.985655
5.69073 0.982508
5.70073 0.979361
5.71073 0.976214
5.72073 0.973067
5.73073 0.96992
5.74074 0.966773
5.75074 0.963626
5.76074 0.960479
5.77074 0.957332
5.78074 0.954185
5.79074 0.951038
5.80074 0.947891
5.81074 0.944744
5.82075 0.941597
5.83075 0.93845
5.84075 0.935303
5.85075 0.932156
5.86075 0.929009
5.87075 0.925862
5.88075 0.922715
5.89076 0.919568
5.90076 0.916421
5.91076 0.913274
5.92076 0.910127
5.93076 0.90698
5.94076 0.903833
5.95076 0.900686
5.96076 0.897539
5.97077 0.894392
5.98077 0.891245
5.99077 0.888098
6.00077 0.884951
6.01077 0.881804
6.02077 0.878657
6.03077 0.87551
6.04077 0.872363
6.05078 0.869216
6.06078 0.866069
6.07078 0.862922
6.08078 0.859775
6.09078 0.856628
6.10078 0.853481
6.11078 0.850334
6.12078 0.847187
6.13079 0.84404
6.14079 0.840893
6.15079 0.837746
6.16079 0.834599
6.17079 0.831452
6.18079 0.828305
6.19079 0.825158
6.20079 0.822011
6.2108 0.818864
6.2208 0.815717
6.2308 0.81257
6.2408 0.809423
6.2508 0.806276
6.2608 0.803129
6.2708 0.799982
6.28081 0.796835
6.29081 0.793688
6.30081 0.790541
6.31081 0.787394
6.32081 0.784247
6.33081 0.7811
6.34081 0.777953
6.35081 0.774806
6.36082 0.771659
6.37082 0.768512
6.38082 0.765365
6.39082 0.762218
6.40082 0.759071
6.41082 0.755924
6.42082 0.752777
6.43082 0.74963
6.44083 0.746483
6.45083 0.743336
6.46083 0.740189
6.47083 0.737042
6.48083 0.733895
6.49083 0.730748
6.50083 0.727601
6.51083 0.724454
6.52084 0.721307
6.53084 0.71816
6.54084 0.715013
6.55084 0.711866
6.56084 0.708719
6.57084 0.705572
6.58084 0.702425
6.59084 0.699278
6.60085 0.696131
6.61085 0.692984
6.62085 0.689837
6.63085 0.68669
6.64085 0.683543
6.65085 0.680396
6.66085 0.677249
6.67086 0.674102
6.68086 0.670955
6.69086 0.667808
6.70086 0.664661
6.71086 0.661514
6.72086 0.658367
6.73086 0.65522
6.74086 0.652073
6.75087 0.648926
6.76087 0.645779
6.77087 0.642632
6.78087 0.639485
6.79087 0.636338
6.80087 0.633191
6.81087 0.630044
6.82087 0.626897
6.83088 0.62375
6.84088 0.620603
6.85088 0.617456
6.86088 0.614309
6.87088 0.611162
6.88088 0.608015
6.89088 0.604868
6.90088 0.601721
6.91089 0.598574
6.92089 0.595427
6.93089 0.59228
6.94089 0.589133
6.95089 0.585986
6.96089 0.582839
6.97089 0.579692
6.98089 0.576545
6.9909 0.573398
7.0009 0.57025
7.0109 0.567103
7.0209 0.563956
7.0309 0.560809
7.0409 0.557662
7.0509 0.554515
7.0609 0.551368
7.07091 0.548221
7.08091 0.545074
7.09091 0.541927
7.10091 0.53878
7.11091 0.535633
7.12091 0.532486
7.13091 0.529339
7.14092 0.526192
7.15092 0.523045
7.16092 0.519898
7.17092 0.516751
7.18092 0.513604
7.19092 0.510457
7.20092 0.50731
7.21092 0.504163
7.22093 0.501016
7.23093 0.497869
7.24093 0.494722
7.25093 0.491575
7.26093 0.488428
7.27093 0.485281
7.28093 0.482134
7.29093 0.478987
7.30094 0.47584
7.31094 0.472693
7.32094 0.469546
7.33094 0.466399
7.34094 0.463252
7.35094 0.460105
7.36094 0.456958
7.37094 0.453811
7.38095 0.450664
7.39095 0.447517
7.40095 0.44437
7.41095 0.441223
7.42095 0.438076
7.43095 0.434929
7.44095 0.431782
7.45095 0.428635
7.46096 0.425488
7.47096 0.422341
7.48096 0.419194
7.49096 0.416047
7.50096 0.4129
7.51096 0.409753
7.52096 0.406606
7.53097 0.403459
7.54097 0.400312
7.55097 0.397165
7.56097 0.394018
7.57097 0.390871
7.58097 0.387724
7.59097 0.384577
7.60097 0.38143
7.61098 0.378283
7.62098 0.375136
7.63098 0.371989
7.64098 0.368842
7.65098 0.365695
7.66098 0.362548
7.67098 0.359401
7.68098 0.356254
7.69099 0.353107
7.70099 0.34996
7.71099 0.346813
7.72099 0.343666
7.73099 0.340519
7.74099 0.337372
7.75099 0.334225
7.76099 0.331078
7.771 0.327931
7.781 0.324784
7.791 0.321637
7.801 0.318489
7.811 0.315342
7.821 0.312195
7.831 0.309048
7.841 0.305901
7.85101 0.302754
7.86101 0.299607
7.87101 0.29646
7.88101 0.293313
7.89101 0.290166
7.90101 0.287019
7.91101 0.283872
7.92102 0.280725
7.93102 0.277578
7.94102 0.274431
7.95102 0.271284
7.96102 0.268137
7.97102 0.26499
7.98102 0.261843
7.99102 0.258696
8.00103 0.255549
8.01103 0.252402
8.02103 0.249255
8.03103 0.246108
8.04103 0.242961
8.05103 0.239814
8.06103 0.236667
8.07103 0.23352
8.08104 0.230373
8.09104 0.227226
8.10104 0.224079
8.11104 0.224073
8.12104 0.224413
8.13104 0.224753
8.14104 0.225093
8.15104 0.225433
8.16105 0.225773
8.17105 0.226113
8.18105 0.226453
8.19105 0.226793
8.20105 0.227133
8.21105 0.227473
8.22105 0.227813
8.23105 0.228153
8.24106 0.228493
8.25106 0.228832
8.26106 0.229172
8.27106 0.229512
8.28106 0.229852
8.29106 0.230192
8.30106 0.230532
8.31107 0.230872
8.32107 0.231212
8.33107 0.231552
8.34107 0.231892
8.35107 0.232232
8.36107 0.232572
8.37107 0.232912
8.38107 0.233252
8.39108 0.233592
8.40108 0.233932
8.41108 0.234271
8.42108 0.234611
8.43108 0.234951
8.44108 0.235291
8.45108 0.235631
8.46108 0.235971
8.47109 0.236311
8.48109 0.236651
8.49109 0.236991
8.50109 0.237331
8.51109 0.237671
8.52109 0.238011
8.53109 0.238351
8.54109 0.238691
8.5511 0.239031
8.5611 0.239371
8.5711 0.23971
8.5811 0.24005
8.5911 0.24039
8.6011 0.24073
8.6111 0.24107
8.6211 0.24141
8.63111 0.24175
8.64111 0.24209
8.65111 0.24243
8.66111 0.24277
8.67111 0.24311
8.68111 0.24345
8.69111 0.24379
8.70112 0.24413
8.71112 0.24447
8.72112 0.24481
8.73112 0.245149
8.74112 0.245489
8.75112 0.245829
8.76112 0.246169
8.77112 0.246509
8.78113 0.246849
8.79113 0.247189
8.80113 0.247529
8.81113 0.247869
8.82113 0.248209
8.83113 0.248549
8.84113 0.248889
8.85113 0.249229
8.86114 0.249569
8.87114 0.249909
8.88114 0.250249
8.89114 0.250588
8.90114 0.250928
8.91114 0.251268
8.92114 0.251608
8.93114 0.251948
8.94115 0.252288
8.95115 0.252628
8.96115 0.252968
8.97115 0.253308
8.98115 0.253648
8.99115 0.253988
9.00115 0.254309
9.01115 0.254936
9.02116 0.255563
9.03116 0.25619
9.04116 0.256817
9.05116 0.257443
9.06116 0.25807
9.07116 0.258697
9.08116 0.259324
9.09117 0.259951
9.10117 0.260578
9.11117 0.261205
9.12117 0.261832
9.13117 0.262458
9.14117 0.263085
9.15117 0.263712
9.16117 0.264339
9.17118 0.264966
9.18118 0.265593
9.19118 0.26622
9.20118 0.266846
9.21118 0.267688
9.22118 0.267697
9.23118 0.267706
9.24118 0.267715
9.25119 0.267724
9.26119 0.267733
9.27119 0.267741
9.28119 0.26775
9.29119 0.267759
9.30119 0.267768
9.31119 0.267777
9.32119 0.267786
9.3312 0.267795
9.3412 0.267804
9.3512 0.267812
9.3612 0.267821
9.3712 0.26783
9.3812 0.267839
9.3912 0.267848
9.4012 0.267857
9.41121 0.267866
9.42121 0.267874
9.43121 0.267883
9.44121 0.267892
9.45121 0.267901
9.46121 0.26791
9.47121 0.267919
9.48122 0.267928
9.49122 0.267936
9.50122 0.267945
9.51122 0.267954
9.52122 0.267963
9.53122 0.267972
9.54122 0.267981
9.55122 0.26799
9.56123 0.267998
9.57123 0.268007
9.58123 0.268016
9.59123 0.268025
9.60123 0.268034
9.61123 0.268043
9.62123 0.268052
9.63123 0.268061
9.64124 0.268069
9.65124 0.268078
9.66124 0.268087
9.67124 0.268096
9.68124 0.268105
9.69124 0.268114
9.70124 0.268123
9.71124 0.268131
9.72125 0.26814
9.73125 0.268149
9.74125 0.268158
9.75125 0.268167
9.76125 0.268176
9.77125 0.268185
9.78125 0.268193
9.79125 0.268202
9.80126 0.268211
9.81126 0.26822
9.82126 0.268229
9.83126 0.268238
9.84126 0.268247
9.85126 0.268256
9.86126 0.268264
9.87127 0.268273
9.88127 0.268282
9.89127 0.268291
9.90127 0.2683
9.91127 0.268309
9.92127 0.268318
9.93127 0.268326
9.94127 0.268335
9.95128 0.268344
9.96128 0.268353
9.97128 0.268362
9.98128 0.268371
9.99128 0.26838
10.0013 0.268388
10.0113 0.268397
10.0213 0.268406
10.0313 0.268415
10.0413 0.268424
10.0513 0.268433
10.0613 0.268442
10.0713 0.268451
10.0813 0.268459
10.0913 0.268468
10.1013 0.268477
10.1113 0.268486
10.1213 0.268495
10.1313 0.268504
10.1413 0.268513
10.1513 0.268521
10.1613 0.26853
10.1713 0.268539
10.1813 0.268548
10.1913 0.268557
10.2013 0.268566
10.2113 0.268575
10.2213 0.268583
10.2313 0.268592
10.2413 0.268601
10.2513 0.26861
10.2613 0.268619
10.2713 0.268628
10.2813 0.268637
10.2913 0.268645
10.3013 0.268654
10.3113 0.268663
10.3213 0.268672
10.3313 0.268681
10.3413 0.26869
10.3513 0.268699
10.3613 0.268708
10.3713 0.268716
10.3813 0.268725
10.3913 0.268734
10.4013 0.268743
10.4113 0.268752
10.4213 0.268761
10.4313 0.26877
10.4413 0.268778
10.4513 0.268787
10.4613 0.268796
10.4713 0.268805
10.4813 0.268814
10.4913 0.268823
10.5013 0.268832
10.5113 0.26884
10.5213 0.268849
10.5313 0.268858
10.5414 0.268867
10.5514 0.268876
10.5614 0.268885
10.5714 0.268894
10.5814 0.268903
10.5914 0.268911
10.6014 0.26892
10.6114 0.268929
10.6214 0.268938
10.6314 0.268947
10.6414 0.268956
10.6514 0.268965
10.6614 0.268973
10.6714 0.268982
10.6814 0.268991
10.6914 0.269
10.7014 0.269009
10.7114 0.269018
10.7214 0.269027
10.7314 0.269035
10.7414 0.269044
10.7514 0.269053
10.7614 0.269062
10.7714 0.269071
10.7814 0.26908
10.7914 0.269089
10.8014 0.269098
10.8114 0.269106
10.8214 0.269115
10.8314 0.269124
10.8414 0.269133
10.8514 0.269142
10.8614 0.269151
10.8714 0.26916
10.8814 0.269168
10.8914 0.269177
10.9014 0.269186
10.9114 0.269195
10.9214 0.269204
10.9314 0.269213
10.9414 0.269222
10.9514 0.26923
10.9614 0.269239
10.9714 0.269248
10.9814 0.269257
10.9914 0.269266
11.0014 0.269275
11.0114 0.269284
11.0214 0.269293
11.0314 0.269301
11.0414 0.26931
11.0514 0.269319
11.0614 0.269328
11.0714 0.269337
11.0814 0.269346
11.0914 0.269355
11.1014 0.269363
11.1114 0.269372
11.1214 0.269381
11.1314 0.26939
11.1414 0.269399
11.1514 0.269408
11.1614 0.269417
11.1714 0.269425
11.1814 0.269434
11.1914 0.269443
11.2014 0.269452
11.2114 0.269461
11.2214 0.26947
11.2314 0.269479
11.2414 0.269488
11.2514 0.269496
11.2614 0.269505
11.2714 0.269514
11.2814 0.269523
11.2914 0.269532
11.3014 0.269541
11.3114 0.26955
11.3215 0.269558
11.3315 0.269567
11.3415 0.269576
11.3515 0.269585
11.3615 0.269594
11.3715 0.269603
11.3815 0.269612
11.3915 0.26962
11.4015 0.269629
11.4115 0.269638
11.4215 0.269647
11.4315 0.269656
11.4415 0.269665
11.4515 0.269674
11.4615 0.269683
11.4715 0.269691
11.4815 0.2697
11.4915 0.269709
11.5015 0.269718
11.5115 0.269727
11.5215 0.269736
11.5315 0.269745
11.5415 0.269753
11.5515 0.269762
11.5615 0.269771
11.5715 0.26978
11.5815 0.269789
11.5915 0.269798
11.6015 0.269807
11.6115 0.269815
11.6215 0.269824
11.6315 0.269833
11.6415 0.269842
11.6515 0.269851
11.6615 0.26986
11.6715 0.269869
11.6815 0.269878
11.6915 0.269886
11.7015 0.269895
11.7115 0.269904
11.7215 0.269913
11.7315 0.269922
11.7415 0.269931
11.7515 0.26994
11.7615 0.269948
11.7715 0.269957
11.7815 0.269966
11.7915 0.269975
11.8015 0.269984
11.8115 0.269993
11.8215 0.270002
11.8315 0.27001
11.8415 0.270019
11.8515 0.270028
11.8615 0.270037
11.8715 0.270046
11.8815 0.270055
11.8915 0.270064
11.9015 0.270073
11.9115 0.270081
11.9215 0.27009
11.9315 0.270099
11.9415 0.270108
11.9515 0.270117
11.9615 0.270126
11.9715 0.270135
11.9815 0.270143
11.9915 0.270152
12.0015 0.270161
12.0115 0.27017
12.0215 0.270179
12.0315 0.270188
12.0415 0.270197
12.0515 0.270205
12.0615 0.270214
12.0715 0.270223
12.0815 0.270232
12.0915 0.270241
12.1016 0.27025
12.1116 0.270259
12.1216 0.270268
12.1316 0.270276
12.1416 0.270285
12.1516 0.270294
12.1616 0.270303
12.1716 0.270312
12.1816 0.270321
12.1916 0.27033
12.2016 0.270338
12.2116 0.270347
12.2216 0.270356
12.2316 0.270365
12.2416 0.270374
12.2516 0.270383
12.2616 0.270392
12.2716 0.2704
12.2816 0.270409
12.2916 0.270418
12.3016 0.270427
12.3116 0.270436
12.3216 0.270445
12.3316 0.270454
12.3416 0.270463
12.3516 0.270471
12.3616 0.27048
12.3716 0.270489
12.3816 0.270498
12.3916 0.270507
12.4016 0.270516
12.4116 0.270525
12.4216 0.270533
12.4316 0.270542
12.4416 0.270551
12.4516 0.27056
12.4616 0.270569
12.4716 0.270578
12.4816 0.270587
12.4916 0.270595
12.5016 0.270604
12.5116 0.270613
12.5216 0.270622
12.5316 0.270631
12.5416 0.27064
12.5516 0.270649
12.5616 0.270658
12.5716 0.270666
12.5816 0.270675
12.5916 0.270684
12.6016 0.270693
12.6116 0.270702
12.6216 0.270711
12.6316 0.27072
12.6416 0.270728
12.6516 0.270737
12.6616 0.270746
12.6716 0.270755
12.6816 0.270764
12.6916 0.270773
12.7016 0.270782
12.7116 0.27079
12.7216 0.270799
12.7316 0.270808
12.7416 0.270817
12.7516 0.270826
12.7616 0.270835
12.7716 0.270844
12.7816 0.270853
12.7916 0.270861
12.8016 0.27087
12.8116 0.270879
12.8216 0.270888
12.8316 0.270897
12.8416 0.270906
12.8516 0.270915
12.8616 0.270923
12.8716 0.270932
12.8817 0.270941
12.8917 0.27095
12.9017 0.270959
12.9117 0.270968
12.9217 0.270977
12.9317 0.270985
12.9417 0.270994
12.9517 0.271003
12.9617 0.271012
12.9717 0.271021
12.9817 0.27103
12.9917 0.271039
13.0017 0.271047
13.0117 0.271056
13.0217 0.271065
13.0317 0.271074
13.0417 0.271083
13.0517 0.271092
13.0617 0.271101
13.0717 0.27111
13.0817 0.271118
13.0917 0.271127
13.1017 0.271136
13.1117 0.271145
13.1217 0.271154
13.1317 0.271163
13.1417 0.271172
13.1517 0.27118
13.1617 0.271189
13.1717 0.271198
13.1817 0.271207
13.1917 0.271216
13.2017 0.271225
13.2117 0.271234
13.2217 0.271242
13.2317 0.271251
13.2417 0.27126
13.2517 0.271269
13.2617 0.271278
13.2717 0.271287
13.2817 0.271296
13.2917 0.271305
13.3017 0.271313
13.3117 0.271322
13.3217 0.271331
13.3317 0.27134
13.3417 0.271349
13.3517 0.271358
13.3617 0.271367
13.3717 0.271375
13.3817 0.271384
13.3917 0.271393
13.4017 0.271402
13.4117 0.271411
13.4217 0.27142
13.4317 0.271429
13.4417 0.271437
13.4517 0.271446
13.4617 0.271455
13.4717 0.271464
13.4817 0.271473
13.4917 0.271482
13.5017 0.271491
13.5117 0.271499
13.5217 0.271508
13.5317 0.271517
13.5417 0.271526
13.5517 0.271535
13.5617 0.271544
13.5717 0.271553
13.5817 0.271562
13.5917 0.27157
13.6017 0.271579
13.6117 0.271588
13.6217 0.271597
13.6317 0.271606
13.6417 0.271615
13.6517 0.271624
13.6618 0.271632
13.6718 0.271641
13.6818 0.27165
13.6918 0.271659
13.7018 0.271668
13.7118 0.271677
13.7218 0.271686
13.7318 0.271694
13.7418 0.271703
13.7518 0.271712
13.7618 0.271721
13.7718 0.27173
13.7818 0.271739
13.7918 0.271748
13.8018 0.271757
13.8118 0.271765
13.8218 0.271774
13.8318 0.271783
13.8418 0.271792
13.8518 0.271801
13.8618 0.27181
13.8718 0.271819
13.8818 0.271827
13.8918 0.271836
13.9018 0.271845
13.9118 0.271854
13.9218 0.271863
13.9318 0.271872
13.9418 0.271881
13.9518 0.271889
13.9618 0.271898
13.9718 0.271907
13.9818 0.271916
13.9918 0.271925
14.0018 0.271934
14.0118 0.271943
14.0218 0.271952
14.0318 0.27196
14.0418 0.271969
14.0518 0.271978
14.0618 0.271987
14.0718 0.271996
14.0818 0.272005
14.0918 0.272014
14.1018 0.272022
14.1118 0.272031
14.1218 0.27204
14.1318 0.272049
14.1418 0.272058
14.1518 0.272067
14.1618 0.272076
14.1718 0.272084
14.1818 0.272093
14.1918 0.272102
14.2018 0.272111
14.2118 0.27212
14.2218 0.272129
14.2318 0.272138
14.2418 0.272147
14.2518 0.272155
14.2618 0.272164
14.2718 0.272173
14.2818 0.272182
14.2918 0.272191
14.3018 0.2722
14.3118 0.272209
14.3218 0.272217
14.3318 0.272226
14.3418 0.272235
14.3518 0.272244
14.3618 0.272253
14.3718 0.272262
14.3818 0.272271
14.3918 0.272279
14.4018 0.272288
14.4118 0.272297
14.4218 0.272306
14.4318 0.272315
14.4419 0.272324
14.4519 0.272333
14.4619 0.272342
14.4719 0.27235
14.4819 0.272359
14.4919 0.272368
14.5019 0.272377
14.5119 0.272386
14.5219 0.272395
14.5319 0.272404
14.5419 0.272412
14.5519 0.272421
14.5619 0.27243
14.5719 0.272439
14.5819 0.272448
14.5919 0.272457
14.6019 0.272466
14.6119 0.272474
14.6219 0.272483
14.6319 0.272492
14.6419 0.272501
14.6519 0.27251
14.6619 0.272519
14.6719 0.272528
14.6819 0.272537
14.6919 0.272545
14.7019 0.272554
14.7119 0.272563
14.7219 0.272572
14.7319 0.272581
14.7419 0.27259
14.7519 0.272599
14.7619 0.272607
14.7719 0.272616
14.7819 0.272625
14.7919 0.272634
14.8019 0.272643
14.8119 0.272652
14.8219 0.272661
14.8319 0.272669
14.8419 0.272678
14.8519 0.272687
14.8619 0.272696
14.8719 0.272705
14.8819 0.272714
14.8919 0.272723
14.9019 0.272732
14.9119 0.27274
14.9219 0.272749
14.9319 0.272758
14.9419 0.272767
14.9519 0.272776
14.9619 0.272785
14.9719 0.272794
14.9819 0.272802
14.9919 0.272811
15.0019 0.27282
15.0119 0.272829
15.0219 0.272838
15.0319 0.272847
15.0419 0.272856
15.0519 0.272864
15.0619 0.272873
15.0719 0.272882
15.0819 0.272891
15.0919 0.2729
15.1019 0.272909
15.1119 0.272918
15.1219 0.272926
15.1319 0.272935
15.1419 0.272944
15.1519 0.272953
15.1619 0.272962
15.1719 0.272971
15.1819 0.27298
15.1919 0.272989
15.2019 0.272997
15.2119 0.273006
15.222 0.273015
15.232 0.273024
15.242 0.273033
15.252 0.273042
15.262 0.273051
15.272 0.273059
15.282 0.273068
15.292 0.273077
15.302 0.273086
15.312 0.273095
15.322 0.273104
15.332 0.273113
15.342 0.273121
15.352 0.27313
15.362 0.273139
15.372 0.273148
15.382 0.273157
15.392 0.273166
15.402 0.273175
15.412 0.273184
15.422 0.273192
15.432 0.273201
15.442 0.27321
15.452 0.273219
15.462 0.273228
15.472 0.273237
15.482 0.273246
15.492 0.273254
15.502 0.273263
15.512 0.273272
15.522 0.273281
15.532 0.27329
15.542 0.273299
15.552 0.273308
15.562 0.273316
15.572 0.273325
15.582 0.273334
15.592 0.273343
15.602 0.273352
15.612 0.273361
15.622 0.27337
15.632 0.273379
15.642 0.273387
15.652 0.273396
15.662 0.273405
15.672 0.273414
15.682 0.273423
15.692 0.273432
15.702 0.273441
15.712 0.273449
15.722 0.273458
15.732 0.273467
15.742 0.273476
15.752 0.273485
15.762 0.273494
15.772 0.273503
15.782 0.273511
15.792 0.27352
15.802 0.273529
15.812 0.273538
15.822 0.273547
15.832 0.273556
15.842 0.273565
15.852 0.273574
15.862 0.273582
15.872 0.273591
15.882 0.2736
15.892 0.273609
15.902 0.273618
15.912 0.273627
15.922 0.273636
15.932 0.273644
15.942 0.273653
15.952 0.273662
15.962 0.273671
15.972 0.27368
15.982 0.273689
15.992 0.273698
16.0021 0.273706
16.0121 0.273715
16.0221 0.273724
16.0321 0.273733
16.0421 0.273742
16.0521 0.273751
16.0621 0.27376
16.0721 0.273766
16.0821 0.273769
16.0921 0.273771
16.1021 0.273774
16.1121 0.273776
16.1221 0.273779
16.1321 0.273781
16.1421 0.273783
16.1521 0.273786
16.1621 0.273788
16.1721 0.273791
16.1821 0.273793
16.1921 0.273796
16.2021 0.273798
16.2121 0.273801
16.2221 0.273803
16.2321 0.273806
16.2421 0.273808
16.2521 0.273811
16.2621 0.273813
16.2721 0.273815
16.2821 0.273818
16.2921 0.27382
16.3021 0.273823
16.3121 0.273825
16.3221 0.273828
16.3321 0.27383
16.3421 0.273833
16.3521 0.273835
16.3621 0.273838
16.3721 0.27384
16.3821 0.273842
16.3921 0.273845
16.4021 0.273847
16.4121 0.27385
16.4221 0.273852
16.4321 0.273855
16.4421 0.273857
16.4521 0.27386
16.4621 0.273862
16.4721 0.273865
16.4821 0.273867
16.4921 0.273869
16.5021 0.273872
16.5121 0.273874
16.5221 0.273877
16.5321 0.273879
16.5421 0.273882
16.5521 0.273884
16.5621 0.273887
16.5721 0.273889
16.5821 0.273892
16.5921 0.273894
16.6021 0.273897
16.6121 0.273899
16.6221 0.273901
16.6321 0.273902
16.6421 0.273904
16.6521 0.273905
16.6621 0.273907
16.6721 0.273908
16.6821 0.27391
16.6921 0.273911
16.7021 0.273913
16.7121 0.273914
16.7221 0.273916
16.7321 0.273917
16.7421 0.273919
16.7521 0.27392
16.7621 0.273922
16.7721 0.273923
16.7822 0.273924
16.7922 0.273926
16.8022 0.273927
16.8122 0.273929
16.8222 0.27393
16.8322 0.273932
16.8422 0.273933
16.8522 0.273935
16.8622 0.273936
16.8722 0.273938
16.8822 0.273939
16.8922 0.273941
16.9022 0.273942
16.9122 0.273944
16.9222 0.273945
16.9322 0.273947
16.9422 0.273948
16.9522 0.27395
16.9622 0.273951
16.9722 0.273953
16.9822 0.273954
16.9922 0.273956
17.0022 0.273957
17.0122 0.273958
17.0222 0.27396
17.0322 0.273961
17.0422 0.273963
17.0522 0.273964
17.0622 0.273966
17.0722 0.273967
17.0822 0.273969
17.0922 0.27397
17.1022 0.273972
17.1122 0.273973
17.1222 0.273975
17.1322 0.273976
17.1422 0.273978
17.1522 0.273979
17.1622 0.273981
17.1722 0.273982
17.1822 0.273984
17.1922 0.273985
17.2022 0.273987
17.2122 0.273988
17.2222 0.273989
17.2322 0.273991
17.2422 0.273991
17.2522 0.273988
17.2622 0.273984
17.2722 0.273981
17.2822 0.273978
17.2922 0.273974
17.3022 0.273971
17.3122 0.273968
17.3222 0.273964
17.3322 0.273961
17.3422 0.273958
17.3522 0.273955
17.3622 0.273951
17.3722 0.273948
17.3822 0.273945
17.3922 0.273941
17.4022 0.273938
17.4122 0.273935
17.4222 0.273932
17.4322 0.273928
17.4422 0.273925
17.4522 0.273922
17.4622 0.273918
17.4722 0.273915
17.4822 0.273912
17.4922 0.273908
17.5022 0.273905
17.5122 0.273902
17.5222 0.273899
17.5322 0.273895
17.5422 0.273892
17.5522 0.273889
17.5623 0.273885
17.5723 0.273882
17.5823 0.273879
17.5923 0.273875
17.6023 0.273872
17.6123 0.273869
17.6223 0.273866
17.6323 0.273862
17.6423 0.273859
17.6523 0.273856
17.6623 0.273852
17.6723 0.273849
17.6823 0.273846
17.6923 0.273843
17.7023 0.273839
17.7123 0.273836
17.7223 0.273833
17.7323 0.273829
17.7423 0.273826
17.7523 0.273823
17.7623 0.273819
17.7723 0.273816
17.7823 0.273813
17.7923 0.27381
17.8023 0.273806
17.8123 0.273803
17.8223 0.2738
17.8323 0.273796
17.8423 0.273793
17.8523 0.27379
17.8623 0.273787
17.8723 0.273783
17.8823 0.27378
17.8923 0.273777
17.9023 0.273773
17.9123 0.27377
17.9223 0.273767
17.9323 0.273763
17.9423 0.27376
17.9523 0.273757
17.9623 0.273754
17.9723 0.27375
17.9823 0.273747
17.9923 0.273744
18.0023 0.27374
18.0123 0.273737
18.0223 0.273734
18.0323 0.273731
18.0423 0.273727
18.0523 0.273724
18.0623 0.273721
18.0723 0.273717
18.0823 0.273714
18.0923 0.273711
18.1023 0.273707
18.1123 0.273704
18.1223 0.273701
18.1323 0.273698
18.1423 0.273694
18.1523 0.273691
18.1623 0.273688
18.1723 0.273684
18.1823 0.273681
18.1923 0.273678
18.2023 0.273674
18.2123 0.273671
18.2223 0.273668
18.2323 0.273665
18.2423 0.273661
18.2523 0.273658
18.2623 0.273655
18.2723 0.273651
18.2823 0.273648
18.2923 0.273645
18.3023 0.273642
18.3123 0.273638
18.3223 0.273635
18.3323 0.273632
18.3424 0.273628
18.3524 0.273625
18.3624 0.273622
18.3724 0.273618
18.3824 0.273615
18.3924 0.273612
18.4024 0.273609
18.4124 0.273605
18.4224 0.273602
18.4324 0.273599
18.4424 0.273595
18.4524 0.273592
18.4624 0.273589
18.4724 0.273586
18.4824 0.273582
18.4924 0.273579
18.5024 0.273576
18.5124 0.273572
18.5224 0.273569
18.5324 0.273566
18.5424 0.273562
18.5524 0.273559
18.5624 0.273556
18.5724 0.273553
18.5824 0.273549
18.5924 0.273546
18.6024 0.273543
18.6124 0.273539
18.6224 0.273536
18.6324 0.273533
18.6424 0.27353
18.6524 0.273526
18.6624 0.273523
18.6724 0.27352
18.6824 0.273516
18.6924 0.273513
18.7024 0.27351
18.7124 0.273506
18.7224 0.273503
18.7324 0.2735
18.7424 0.273497
18.7524 0.273493
18.7624 0.27349
18.7724 0.273487
18.7824 0.273483
18.7924 0.27348
18.8024 0.273477
18.8124 0.273473
18.8224 0.27347
18.8324 0.273467
18.8424 0.273464
18.8524 0.27346
18.8624 0.273457
18.8724 0.273454
18.8824 0.27345
18.8924 0.273447
18.9024 0.273444
18.9124 0.273441
18.9224 0.273437
18.9324 0.273434
18.9424 0.273431
18.9524 0.273427
18.9624 0.273424
18.9724 0.273421
18.9824 0.273417
18.9924 0.273414
19.0024 0.273411
19.0124 0.273408
19.0224 0.273404
19.0324 0.273401
19.0424 0.273398
19.0524 0.273394
19.0624 0.273391
19.0724 0.273388
19.0824 0.273385
19.0924 0.273381
19.1024 0.273378
19.1124 0.273375
19.1225 0.273371
19.1325 0.273368
19.1425 0.273365
19.1525 0.273361
19.1625 0.273358
19.1725 0.273355
19.1825 0.273352
19.1925 0.273348
19.2025 0.273345
19.2125 0.273342
19.2225 0.273338
19.2325 0.273335
19.2425 0.273332
19.2525 0.273329
19.2625 0.273325
19.2725 0.273322
19.2825 0.273319
19.2925 0.273315
19.3025 0.273312
19.3125 0.273309
19.3225 0.273305
19.3325 0.273302
19.3425 0.273299
19.3525 0.273296
19.3625 0.273292
19.3725 0.273289
19.3825 0.273286
19.3925 0.273282
19.4025 0.273279
19.4125 0.273276
19.4225 0.273272
19.4325 0.273269
19.4425 0.273266
19.4525 0.273263
19.4625 0.273259
19.4725 0.273256
19.4825 0.273253
19.4925 0.273249
19.5025 0.273246
19.5125 0.273243
19.5225 0.27324
19.5325 0.273236
19.5425 0.273233
19.5525 0.27323
19.5625 0.273226
19.5725 0.273223
19.5825 0.27322
19.5925 0.273216
19.6025 0.273213
19.6125 0.27321
19.6225 0.273207
19.6325 0.273203
19.6425 0.2732
19.6525 0.273197
19.6625 0.273193
19.6725 0.27319
19.6825 0.273187
19.6925 0.273184
19.7025 0.27318
19.7125 0.273177
19.7225 0.273174
19.7325 0.27317
19.7425 0.273167
19.7525 0.273164
19.7625 0.27316
19.7725 0.273157
19.7825 0.273154
19.7925 0.273151
19.8025 0.273147
19.8125 0.273144
19.8225 0.273141
19.8325 0.273137
19.8425 0.273134
19.8525 0.273131
19.8625 0.273127
19.8725 0.273124
19.8825 0.273121
19.8925 0.273118
19.9026 0.273114
19.9126 0.273111
19.9226 0.273108
19.9326 0.273104
19.9426 0.273101
19.9526 0.273098
19.9626 0.273095
19.9726 0.273091
19.9826 0.273088
19.9926 0.273085
20.0026 0.273081
20.0126 0.273078
20.0226 0.273075
20.0326 0.273071
20.0426 0.273068
20.0526 0.273065
20.0626 0.273062
20.0726 0.273058
20.0826 0.273055
20.0926 0.273052
20.1026 0.273048
20.1126 0.273045
20.1226 0.273042
20.1326 0.273039
20.1426 0.273035
20.1526 0.273032
20.1626 0.273029
20.1726 0.273025
20.1826 0.273022
20.1926 0.273019
20.2026 0.273015
20.2126 0.273012
20.2226 0.273009
20.2326 0.273006
20.2426 0.273002
20.2526 0.272999
20.2626 0.272996
20.2726 0.272992
20.2826 0.272989
20.2926 0.272986
20.3026 0.272982
20.3126 0.272979
20.3226 0.272976
20.3326 0.272973
20.3426 0.272969
20.3526 0.272966
20.3626 0.272963
20.3726 0.272959
20.3826 0.272956
20.3926 0.272953
20.4026 0.27295
20.4126 0.272946
20.4226 0.272943
20.4326 0.27294
20.4426 0.272936
20.4526 0.272933
20.4626 0.27293
20.4726 0.272926
20.4826 0.272923
20.4926 0.27292
20.5026 0.272917
20.5126 0.272913
20.5226 0.27291
20.5326 0.272907
20.5426 0.272903
20.5526 0.2729
20.5626 0.272897
20.5726 0.272894
20.5826 0.27289
20.5926 0.272887
20.6026 0.272884
20.6126 0.27288
20.6226 0.272877
20.6326 0.272874
20.6426 0.27287
20.6526 0.272867
20.6626 0.272864
20.6726 0.272861
20.6827 0.272857
20.6927 0.272854
20.7027 0.272851
20.7127 0.272847
20.7227 0.272844
20.7327 0.272841
20.7427 0.272837
20.7527 0.272834
20.7627 0.272831
20.7727 0.272828
20.7827 0.272824
20.7927 0.272821
20.8027 0.272818
20.8127 0.272814
20.8227 0.272811
20.8327 0.272808
20.8427 0.272805
20.8527 0.272801
20.8627 0.272798
20.8727 0.272795
20.8827 0.272791
20.8927 0.272788
20.9027 0.272785
20.9127 0.272781
20.9227 0.272778
20.9327 0.272775
20.9427 0.272772
20.9527 0.272768
20.9627 0.272765
20.9727 0.272762
20.9827 0.272758
20.9927 0.272755
21.0027 0.272752
21.0127 0.272749
21.0227 0.272745
21.0327 0.272742
21.0427 0.272739
21.0527 0.272735
21.0627 0.272732
21.0727 0.272729
21.0827 0.272725
21.0927 0.272722
21.1027 0.272719
21.1127 0.272716
21.1227 0.272712
21.1327 0.272709
21.1427 0.272706
21.1527 0.272702
21.1627 0.272699
21.1727 0.272696
21.1827 0.272693
21.1927 0.272689
21.2027 0.272686
21.2127 0.272683
21.2227 0.272679
21.2327 0.272676
21.2427 0.272673
21.2527 0.272669
21.2627 0.272666
21.2727 0.272663
21.2827 0.27266
21.2927 0.272656
21.3027 0.272653
21.3127 0.27265
21.3227 0.272646
21.3327 0.272643
21.3427 0.27264
21.3527 0.272636
21.3627 0.272633
21.3727 0.27263
21.3827 0.272627
21.3927 0.272623
21.4027 0.27262
21.4127 0.272617
21.4227 0.272613
21.4327 0.27261
21.4427 0.272607
21.4527 0.272604
21.4628 0.2726
21.4728 0.272597
21.4828 0.272594
21.4928 0.27259
21.5028 0.272587
21.5128 0.272584
21.5228 0.27258
21.5328 0.272577
21.5428 0.272574
21.5528 0.272571
21.5628 0.272567
21.5728 0.272564
21.5828 0.272561
21.5928 0.272557
21.6028 0.272554
21.6128 0.272551
21.6228 0.272548
21.6328 0.272544
21.6428 0.272541
21.6528 0.272538
21.6628 0.272534
21.6728 0.272531
21.6828 0.272528
21.6928 0.272524
21.7028 0.272521
21.7128 0.272518
21.7228 0.272515
21.7328 0.273426
21.7428 0.274147
21.7528 0.274867
21.7628 0.275587
21.7728 0.276308
21.7828 0.277028
21.7928 0.277749
21.8028 0.278469
21.8128 0.279189
21.8228 0.27991
21.8328 0.28063
21.8428 0.28135
21.8528 0.282071
21.8628 0.282791
21.8728 0.283512
21.8828 0.284232
21.8928 0.284952
21.9028 0.285673
21.9128 0.286393
21.9228 0.287114
21.9328 0.287834
21.9428 0.288946
21.9528 0.290044
21.9628 0.291142
21.9728 0.292239
21.9828 0.293337
21.9928 0.294434
22.0028 0.295532
22.0128 0.29663
22.0228 0.297727
22.0328 0.298825
22.0428 0.299922
22.0528 0.30102
22.0628 0.302118
22.0728 0.303215
22.0828 0.304313
22.0928 0.30541
22.1028 0.306508
22.1128 0.307606
22.1228 0.308703
22.1328 0.309801
22.1428 0.310898
22.1528 0.311996
22.1628 0.313094
22.1728 0.314191
22.1828 0.315289
22.1928 0.316386
22.2028 0.317484
22.2128 0.318582
22.2228 0.319679
22.2328 0.320777
22.2429 0.321874
22.2529 0.322972
22.2629 0.32407
22.2729 0.325167
22.2829 0.326265
22.2929 0.327362
22.3029 0.32846
22.3129 0.329558
22.3229 0.330655
22.3329 0.331753
22.3429 0.33285
22.3529 0.333948
22.3629 0.335046
22.3729 0.336143
22.3829 0.337241
22.3929 0.338338
22.4029 0.339436
22.4129 0.340534
22.4229 0.341631
22.4329 0.342729
22.4429 0.343826
22.4529 0.344924
22.4629 0.346022
22.4729 0.347119
22.4829 0.348217
22.4929 0.349314
22.5029 0.350412
22.5129 0.35151
22.5229 0.352607
22.5329 0.353705
22.5429 0.354802
22.5529 0.3559
22.5629 0.356998
22.5729 0.358095
22.5829 0.359193
22.5929 0.36029
22.6029 0.361388
22.6129 0.362486
22.6229 0.363583
22.6329 0.364681
22.6429 0.365778
22.6529 0.366876
22.6629 0.367974
22.6729 0.369071
22.6829 0.370169
22.6929 0.371266
22.7029 0.372364
22.7129 0.373462
22.7229 0.374559
22.7329 0.375657
22.7429 0.376754
22.7529 0.377852
22.7629 0.37895
22.7729 0.380047
22.7829 0.381145
22.7929 0.382242
22.8029 0.38334
22.8129 0.384438
22.8229 0.385535
22.8329 0.386633
22.8429 0.38773
22.8529 0.388828
22.8629 0.389926
22.8729 0.393352
22.8829 0.396326
22.8929 0.399299
22.9029 0.402273
22.9129 0.405247
22.9229 0.40822
22.9329 0.411194
22.9429 0.414167
22.9529 0.417141
22.9629 0.420115
22.9729 0.423088
22.9829 0.426062
22.9929 0.429035
23.0029 0.432009
23.0129 0.434983
23.023 0.437956
23.033 0.44093
23.043 0.443903
23.053 0.446877
23.063 0.449851
23.073 0.452824
23.083 0.455798
23.093 0.458771
23.103 0.461745
23.113 0.464719
23.123 0.467692
23.133 0.470666
23.143 0.473639
23.153 0.476613
23.163 0.479587
23.173 0.48256
23.183 0.485534
23.193 0.488507
23.203 0.491481
23.213 0.494455
23.223 0.497428
23.233 0.500402
23.243 0.503375
23.253 0.506349
23.263 0.509323
23.273 0.512296
23.283 0.51527
23.293 0.518243
23.303 0.521217
23.313 0.524191
23.323 0.527164
23.333 0.530138
23.343 0.533111
23.353 0.536085
23.363 0.539059
23.373 0.542032
23.383 0.545006
23.393 0.547979
23.403 0.550953
23.413 0.553927
23.423 0.5569
23.433 0.559874
23.443 0.562847
23.453 0.565821
23.463 0.568795
23.473 0.571768
23.483 0.574742
23.493 0.577715
23.503 0.580689
23.513 0.583663
23.523 0.586636
23.533 0.58961
23.543 0.592583
23.553 0.595557
23.563 0.598531
23.573 0.601504
23.583 0.604478
23.593 0.607451
23.603 0.610425
23.613 0.613399
23.623 0.616372
23.633 0.619346
23.643 0.622319
23.653 0.625293
23.663 0.628267
23.673 0.63124
23.683 0.634214
23.693 0.637187
23.703 0.640161
23.713 0.643135
23.723 0.646108
23.733 0.649082
23.743 0.652055
23.753 0.655029
23.763 0.658003
23.773 0.660976
23.783 0.66395
23.793 0.666923
23.8031 0.669897
23.8131 0.672871
23.8231 0.675844
23.8331 0.678818
23.8431 0.681791
23.8531 0.684765
23.8631 0.687739
23.8731 0.690712
23.8831 0.693686
23.8931 0.696659
23.9031 0.699633
23.9131 0.702607
23.9231 0.70558
23.9331 0.708554
23.9431 0.711527
23.9531 0.714501
23.9631 0.717474
23.9731 0.720448
23.9831 0.723422
23.9931 0.726395
24.0031 0.729369
24.0131 0.732342
24.0231 0.735316
24.0331 0.73829
24.0431 0.741263
24.0531 0.744237
24.0631 0.74721
24.0731 0.750184
24.0831 0.753158
24.0931 0.756131
24.1031 0.759105
24.1131 0.762078
24.1231 0.765052
24.1331 0.768025
24.1431 0.770999
24.1531 0.773973
24.1631 0.776946
24.1731 0.77992
24.1831 0.782893
24.1931 0.785867
24.2031 0.788841
24.2131 0.791814
24.2231 0.794788
24.2331 0.797761
24.2431 0.800735
24.2531 0.803709
24.2631 0.806682
24.2731 0.809656
24.2831 0.812629
24.2931 0.815603
24.3031 0.818576
24.3131 0.82155
24.3231 0.824524
24.3331 0.827497
24.3431 0.830471
24.3531 0.833444
24.3631 0.836418
24.3731 0.839392
24.3831 0.842365
24.3931 0.845339
24.4031 0.848312
24.4131 0.851286
24.4231 0.85426
24.4331 0.857233
24.4431 0.860207
24.4531 0.86318
24.4631 0.866154
24.4731 0.869127
24.4831 0.872101
24.4931 0.875075
24.5031 0.878048
24.5131 0.881022
24.5231 0.883995
24.5331 0.886969
24.5431 0.889943
24.5531 0.892916
24.5631 0.89589
24.5731 0.898863
24.5832 0.901837
24.5932 0.904811
24.6032 0.907784
24.6132 0.910758
24.6232 0.913731
24.6332 0.916705
24.6432 0.919678
24.6532 0.922652
24.6632 0.925626
24.6732 0.928599
24.6832 0.931573
24.6932 0.934546
24.7032 0.93752
24.7132 0.940494
24.7232 0.943467
24.7332 0.946441
24.7432 0.949414
24.7532 0.952388
24.7632 0.955362
24.7732 0.958335
24.7832 0.961309
24.7932 0.964282
24.8032 0.967256
24.8132 0.970229
24.8232 0.973203
24.8332 0.976177
24.8432 0.97915
24.8532 0.982124
24.8632 0.985097
24.8732 0.988071
24.8832 0.991045
24.8932 0.994018
24.9032 0.996992
24.9132 0.999965
24.9232 1.00294
24.9332 1.00591
24.9432 1.00889
24.9532 1.01186
24.9632 1.01483
24.9732 1.01781
24.9832 1.02078
24.9932 1.02375
25.0032 1.02673
25.0132 1.0297
25.0232 1.03267
25.0332 1.03565
25.0432 1.03862
25.0532 1.0416
25.0632 1.04457
25.0732 1.04754
25.0832 1.05052
25.0932 1.05349
25.1032 1.05646
25.1132 1.05944
25.1232 1.06241
25.1332 1.06538
25.1432 1.06836
25.1532 1.07133
25.1632 1.07431
25.1732 1.07728
25.1832 1.08025
25.1932 1.08323
25.2032 1.0862
25.2132 1.08917
25.2232 1.09215
25.2332 1.09512
25.2432 1.09809
25.2532 1.10107
25.2632 1.10404
25.2732 1.10701
25.2832 1.10999
25.2932 1.11296
25.3032 1.11594
25.3132 1.11891
25.3232 1.12188
25.3332 1.12486
25.3432 1.12783
25.3532 1.1308
25.3633 1.13378
25.3733 1.13675
25.3833 1.13972
25.3933 1.1427
25.4033 1.14567
25.4133 1.14865
25.4233 1.15162
25.4333 1.15459
25.4433 1.15757
25.4533 1.16054
25.4633 1.16351
25.4733 1.16649
25.4833 1.16946
25.4933 1.17243
25.5033 1.17541
25.5133 1.17838
25.5233 1.18136
25.5333 1.18433
25.5433 1.1873
25.5533 1.19028
25.5633 1.19325
25.5733 1.19622
25.5833 1.1992
25.5933 1.20217
25.6033 1.20514
25.6133 1.20812
25.6233 1.21109
25.6333 1.21406
25.6433 1.21704
25.6533 1.22001
25.6633 1.22299
25.6733 1.22596
25.6833 1.22893
25.6933 1.23191
25.7033 1.23488
25.7133 1.23785
25.7233 1.24083
25.7333 1.2438
25.7433 1.24677
25.7533 1.24975
25.7633 1.25272
25.7733 1.2557
25.7833 1.25867
25.7933 1.26164
25.8033 1.26462
25.8133 1.26759
25.8233 1.27056
25.8333 1.27354
25.8433 1.27651
25.8533 1.27948
25.8633 1.28246
25.8733 1.28543
25.8833 1.28841
25.8933 1.29138
25.9033 1.29435
25.9133 1.29733
25.9233 1.3003
25.9333 1.30327
25.9433 1.30625
25.9533 1.30922
25.9633 1.31219
25.9733 1.31517
25.9833 1.31814
25.9933 1.32111
26.0033 1.32409
26.0133 1.32706
26.0233 1.33004
26.0333 1.33301
26.0433 1.33598
26.0533 1.33896
26.0633 1.34193
26.0733 1.3449
26.0833 1.34788
26.0933 1.35085
26.1033 1.35382
26.1133 1.3568
26.1233 1.35977
26.1333 1.36275
26.1434 1.36572
26.1534 1.36869
26.1634 1.37167
26.1734 1.37464
26.1834 1.37761
26.1934 1.38059
26.2034 1.38356
26.2134 1.38653
26.2234 1.38951
26.2334 1.39248
26.2434 1.39546
26.2534 1.39843
26.2634 1.4014
26.2734 1.40438
26.2834 1.40735
26.2934 1.41032
26.3034 1.4133
26.3134 1.41627
26.3234 1.41924
26.3334 1.42222
26.3434 1.42519
26.3534 1.42816
26.3634 1.43114
26.3734 1.43411
26.3834 1.43709
26.3934 1.44006
26.4034 1.44303
26.4134 1.44601
26.4234 1.44898
26.4334 1.45195
26.4434 1.45493
26.4534 1.4579
26.4634 1.46087
26.4734 1.46385
26.4834 1.46682
26.4934 1.4698
26.5034 1.47277
26.5134 1.47574
26.5234 1.47872
26.5334 1.48169
26.5434 1.48466
26.5534 1.48764
26.5634 1.49061
26.5734 1.49358
26.5834 1.49656
26.5934 1.49953
26.6034 1.5025
26.6134 1.50548
26.6234 1.50845
26.6334 1.51143
26.6434 1.5144
26.6534 1.51737
26.6634 1.52035
26.6734 1.52332
26.6834 1.52629
26.6934 1.52927
26.7034 1.53224
26.7134 1.53521
26.7234 1.53819
26.7334 1.54116
26.7434 1.54414
26.7534 1.54711
26.7634 1.55008
26.7734 1.55306
26.7834 1.55603
26.7934 1.559
26.8034 1.56198
26.8134 1.56495
26.8234 1.56792
26.8334 1.5709
26.8434 1.57387
26.8534 1.57684
26.8634 1.57982
26.8734 1.58279
26.8834 1.58577
26.8934 1.58874
26.9034 1.59171
26.9134 1.59469
26.9235 1.59766
26.9335 1.60063
26.9435 1.60361
26.9535 1.60658
26.9635 1.60955
26.9735 1.61253
26.9835 1.6155
26.9935 1.61847
27.0035 1.62145
27.0135 1.62442
27.0235 1.6274
27.0335 1.63037
27.0435 1.63334
27.0535 1.63632
27.0635 1.63929
27.0735 1.64226
27.0835 1.64524
27.0935 1.64821
27.1035 1.65118
27.1135 1.65416
27.1235 1.65713
27.1335 1.6601
27.1435 1.66308
27.1535 1.66605
27.1635 1.66903
27.1735 1.672
27.1835 1.67497
27.1935 1.67795
27.2035 1.68092
27.2135 1.68389
27.2235 1.68687
27.2335 1.68984
27.2435 1.69281
27.2535 1.69579
27.2635 1.69876
27.2735 1.70174
27.2835 1.70471
27.2935 1.70768
27.3035 1.71066
27.3135 1.71363
27.3235 1.7166
27.3335 1.71958
27.3435 1.72255
27.3535 1.72552
27.3635 1.7285
27.3735 1.73147
27.3835 1.73444
27.3935 1.73742
27.4035 1.74039
27.4135 1.74337
27.4235 1.74634
27.4335 1.74931
27.4435 1.75229
27.4535 1.75526
27.4635 1.75823
27.4735 1.76121
27.4835 1.76418
27.4935 1.76715
27.5035 1.77013
27.5135 1.7731
27.5235 1.77607
27.5335 1.77905
27.5435 1.78202
27.5535 1.785
27.5635 1.78797
27.5735 1.79094
27.5835 1.79392
27.5935 1.79689
27.6035 1.79986
27.6135 1.80284
27.6235 1.80581
27.6335 1.80878
27.6435 1.81176
27.6535 1.81473
27.6635 1.81771
27.6735 1.82068
27.6835 1.82365
27.6935 1.82663
27.7036 1.8296
27.7136 1.83257
27.7236 1.83555
27.7336 1.83852
27.7436 1.84149
27.7536 1.84447
27.7636 1.84744
27.7736 1.85041
27.7836 1.85339
27.7936 1.85636
27.8036 1.85934
27.8136 1.86231
27.8236 1.86528
27.8336 1.86826
27.8436 1.87123
27.8536 1.8742
27.8636 1.87718
27.8736 1.88015
27.8836 1.88312
27.8936 1.8861
27.9036 1.88907
27.9136 1.89204
27.9236 1.89502
27.9336 1.89799
27.9436 1.90097
27.9536 1.90394
27.9636 1.90691
27.9736 1.90989
27.9836 1.91286
27.9936 1.91583
28.0036 1.91881
28.0136 1.92178
28.0236 1.92475
28.0336 1.92773
28.0436 1.9307
28.0536 1.93368
28.0636 1.93665
28.0736 1.93962
28.0836 1.9426
28.0936 1.94557
28.1036 1.94854
28.1136 1.95152
28.1236 1.95449
28.1336 1.95746
28.1436 1.96044
28.1536 1.96341
28.1636 1.96638
28.1736 1.96936
28.1836 1.97233
28.1936 1.97531
28.2036 1.97828
28.2136 1.98125
28.2236 1.98423
28.2336 1.9872
28.2436 1.99017
28.2536 1.99315
28.2636 1.99612
28.2736 1.99909
28.2836 2.00207
28.2936 2.00504
28.3036 2.00802
28.3136 2.01099
28.3236 2.01396
28.3336 2.01694
28.3436 2.01991
28.3536 2.02288
28.3636 2.02586
28.3736 2.02883
28.3836 2.0318
28.3936 2.03478
28.4036 2.03775
28.4136 2.04073
28.4236 2.0437
28.4336 2.04667
28.4436 2.04965
28.4536 2.05262
28.4636 2.05559
28.4736 2.05857
28.4837 2.06154
28.4937 2.06451
28.5037 2.06749
28.5137 2.07046
28.5237 2.07343
28.5337 2.07641
28.5437 2.07938
28.5537 2.08236
28.5637 2.08533
28.5737 2.0883
28.5837 2.09128
28.5937 2.09425
28.6037 2.09722
28.6137 2.1002
28.6237 2.10317
28.6337 2.10614
28.6437 2.10912
28.6537 2.11209
28.6637 2.11507
28.6737 2.11804
28.6837 2.12101
28.6937 2.12399
28.7037 2.12696
28.7137 2.12993
28.7237 2.13291
28.7337 2.13588
28.7437 2.13885
28.7537 2.14183
28.7637 2.1448
28.7737 2.14778
28.7837 2.15075
28.7937 2.15372
28.8037 2.1567
28.8137 2.15967
28.8237 2.16264
28.8337 2.16562
28.8437 2.16859
28.8537 2.17156
28.8637 2.17454
28.8737 2.17751
28.8837 2.18048
28.8937 2.18346
28.9037 2.18643
28.9137 2.18941
28.9237 2.19238
28.9337 2.19535
28.9437 2.19833
28.9537 2.2013
28.9637 2.20427
28.9737 2.20725
28.9837 2.21022
28.9937 2.21319
29.0037 2.21617
29.0137 2.21914
29.0237 2.22212
29.0337 2.22509
29.0437 2.22806
29.0537 2.23104
29.0637 2.23401
29.0737 2.23698
29.0837 2.23996
29.0937 2.24293
29.1037 2.2459
29.1137 2.24888
29.1237 2.25185
29.1337 2.25482
29.1437 2.2578
29.1537 2.26077
29.1637 2.26375
29.1737 2.26672
29.1837 2.26969
29.1937 2.27267
29.2037 2.27564
29.2137 2.27861
29.2237 2.28159
29.2337 2.28456
29.2437 2.28753
29.2537 2.29051
29.2638 2.29348
29.2738 2.29646
29.2838 2.29943
29.2938 2.3024
29.3038 2.30538
29.3138 2.30835
29.3238 2.31132
29.3338 2.3143
29.3438 2.31727
29.3538 2.32024
29.3638 2.32322
29.3738 2.32619
29.3838 2.32916
29.3938 2.33214
29.4038 2.33511
29.4138 2.33809
29.4238 2.34106
29.4338 2.34403
29.4438 2.34701
29.4538 2.34998
29.4638 2.35295
29.4738 2.35593
29.4838 2.3589
29.4938 2.36187
29.5038 2.36485
29.5138 2.36782
29.5238 2.37079
29.5338 2.37377
29.5438 2.37674
29.5538 2.37972
29.5638 2.38269
29.5738 2.38566
29.5838 2.38864
29.5938 2.39161
29.6038 2.39458
29.6138 2.39756
29.6238 2.40053
29.6338 2.4035
29.6438 2.40648
29.6538 2.40945
29.6638 2.41243
29.6738 2.4154
29.6838 2.41837
29.6938 2.42135
29.7038 2.42432
29.7138 2.42729
29.7238 2.43027
29.7338 2.43324
29.7438 2.43621
29.7538 2.43919
29.7638 2.44216
29.7738 2.44513
29.7838 2.44811
29.7938 2.45108
29.8038 2.45406
29.8138 2.45703
29.8238 2.46
29.8338 2.46298
29.8438 2.46595
29.8538 2.46892
29.8638 2.4719
29.8738 2.47487
29.8838 2.47784
29.8938 2.48082
29.9038 2.48379
29.9138 2.48677
29.9238 2.48974
29.9338 2.49271
29.9438 2.49569
29.9538 2.49866
29.9638 2.50163
29.9738 2.50461
29.9838 2.50758
29.9938 2.51055
30.0038 2.51353
30.0138 2.5165
30.0238 2.51947
30.0338 2.52245
30.0439 2.52542
30.0539 2.5284
30.0639 2.53137
30.0739 2.53434
30.0839 2.53732
30.0939 2.54029
30.1039 2.54326
30.1139 2.54624
30.1239 2.54921
30.1339 2.55218
30.1439 2.55516
30.1539 2.55813
30.1639 2.5611
30.1739 2.56408
30.1839 2.56705
30.1939 2.57003
30.2039 2.573
30.2139 2.57597
30.2239 2.57895
30.2339 2.58192
30.2439 2.58489
30.2539 2.58787
30.2639 2.59084
30.2739 2.59381
30.2839 2.59679
30.2939 2.59976
30.3039 2.60274
30.3139 2.60571
30.3239 2.60868
30.3339 2.61166
30.3439 2.61463
30.3539 2.6176
30.3639 2.62058
30.3739 2.62355
30.3839 2.62652
30.3939 2.6295
30.4039 2.63247
30.4139 2.63544
30.4239 2.63842
30.4339 2.64139
30.4439 2.64437
30.4539 2.64734
30.4639 2.65031
30.4739 2.65329
30.4839 2.65626
30.4939 2.65923
30.5039 2.66221
30.5139 2.66518
30.5239 2.66815
30.5339 2.67113
30.5439 2.6741
30.5539 2.67708
30.5639 2.68005
30.5739 2.68302
30.5839 2.686
30.5939 2.68897
30.6039 2.69194
30.6139 2.69492
30.6239 2.69789
30.6339 2.70086
30.6439 2.70384
30.6539 2.70681
30.6639 2.70978
30.6739 2.71276
30.6839 2.71573
30.6939 2.71871
30.7039 2.72168
30.7139 2.72465
30.7239 2.72763
30.7339 2.7306
30.7439 2.73357
30.7539 2.73655
30.7639 2.73952
30.7739 2.74249
30.7839 2.74547
30.7939 2.74844
30.8039 2.75142
30.8139 2.75439
30.824 2.75736
30.834 2.76034
30.844 2.76331
30.854 2.76628
30.864 2.76926
30.874 2.77223
30.884 2.7752
30.894 2.77818
30.904 2.78115
30.914 2.78412
30.924 2.7871
30.934 2.79007
30.944 2.79305
30.954 2.79602
30.964 2.79899
30.974 2.80197
30.984 2.80494
30.994 2.80791
31.004 2.81089
31.014 2.81386
31.024 2.81683
31.034 2.81981
31.044 2.82278
31.054 2.82575
31.064 2.82873
31.074 2.8317
31.084 2.83468
31.094 2.83765
31.104 2.84062
31.114 2.8436
31.124 2.84657
31.134 2.84954
31.144 2.85252
31.154 2.85549
31.164 2.85846
31.174 2.86144
31.184 2.86441
31.194 2.86739
31.204 2.87036
31.214 2.87333
31.224 2.87631
31.234 2.87928
31.244 2.88225
31.254 2.88523
31.264 2.8882
31.274 2.89117
31.284 2.89415
31.294 2.89712
31.304 2.90009
31.314 2.90307
31.324 2.90604
31.334 2.90902
31.344 2.91199
31.354 2.91496
31.364 2.91794
31.374 2.92091
31.384 2.92388
31.394 2.92686
31.404 2.92983
31.414 2.9328
31.424 2.93578
31.434 2.93875
31.444 2.94172
31.454 2.9447
31.464 2.94767
31.474 2.95065
31.484 2.95362
31.494 2.95659
31.504 2.95957
31.514 2.96254
31.524 2.96551
31.534 2.96849
31.544 2.97146
31.554 2.97443
31.564 2.97741
31.574 2.98038
31.584 2.98336
31.594 2.98633
31.6041 2.9893
31.6141 2.99228
31.6241 2.99525
31.6341 2.99822
31.6441 3.0012
31.6541 3.00417
31.6641 3.00714
31.6741 3.01012
31.6841 3.01309
31.6941 3.01606
31.7041 3.01904
31.7141 3.02201
31.7241 3.02499
31.7341 3.02796
31.7441 3.03093
31.7541 3.03391
31.7641 3.03688
31.7741 3.03985
31.7841 3.04283
31.7941 3.0458
31.8041 3.04877
31.8141 3.05175
31.8241 3.05472
31.8341 3.0577
31.8441 3.06067
31.8541 3.06364
31.8641 3.06662
31.8741 3.06959
31.8841 3.07256
31.8941 3.07554
31.9041 3.07851
31.9141 3.08148
31.9241 3.08446
31.9341 3.08743
31.9441 3.09041
31.9541 3.09338
31.9641 3.09635
31.9741 3.09933
31.9841 3.1023
31.9941 3.10527
32.0041 3.10825
32.0141 3.11122
32.0241 3.11419
32.0341 3.11717
32.0441 3.12014
32.0541 3.12311
32.0641 3.12609
32.0741 3.12906
32.0841 3.13204
32.0941 3.13501
32.1041 3.13798
32.1141 3.14096
32.1241 3.14393
32.1341 3.1469
32.1441 3.14988
32.1541 3.15285
32.1641 3.15582
32.1741 3.1588
32.1841 3.16177
32.1941 3.16475
32.2041 3.16772
32.2141 3.17069
32.2241 3.17367
32.2341 3.17664
32.2441 3.17961
32.2541 3.18259
32.2641 3.18556
32.2741 3.18853
32.2841 3.19151
32.2941 3.19448
32.3041 3.19745
32.3141 3.20043
32.3241 3.2034
32.3341 3.20638
32.3441 3.20935
32.3541 3.21232
32.3641 3.2153
32.3741 3.21827
32.3842 3.22124
32.3942 3.22422
32.4042 3.22719
32.4142 3.23016
32.4242 3.23314
32.4342 3.23611
32.4442 3.23908
32.4542 3.24206
32.4642 3.24503
32.4742 3.24801
32.4842 3.25098
32.4942 3.25395
32.5042 3.25693
32.5142 3.2599
32.5242 3.26287
32.5342 3.26585
32.5442 3.26882
32.5542 3.27179
32.5642 3.27477
32.5742 3.27774
32.5842 3.28072
32.5942 3.28369
32.6042 3.28666
32.6142 3.28964
32.6242 3.29261
32.6342 3.29558
32.6442 3.29856
32.6542 3.30153
32.6642 3.3045
32.6742 3.30748
32.6842 3.31045
32.6942 3.31342
32.7042 3.3164
32.7142 3.31937
32.7242 3.32235
32.7342 3.32532
32.7442 3.32829
32.7542 3.33127
32.7642 3.33424
32.7742 3.33721
32.7842 3.34019
32.7942 3.34316
32.8042 3.34613
32.8142 3.34911
32.8242 3.35208
32.8342 3.35506
32.8442 3.35803
32.8542 3.361
32.8642 3.36398
32.8742 3.36695
32.8842 3.36992
32.8942 3.3729
32.9042 3.37587
32.9142 3.37884
32.9242 3.38182
32.9342 3.38479
32.9442 3.38777
32.9542 3.39074
32.9642 3.39371
32.9742 3.39669
32.9842 3.39966
32.9942 3.40263
33.0042 3.40561
33.0142 3.40858
33.0242 3.41155
33.0342 3.41453
33.0442 3.4175
33.0542 3.42047
33.0642 3.42345
33.0742 3.42642
33.0842 3.4294
33.0942 3.43237
33.1042 3.43534
33.1142 3.43832
33.1242 3.44129
33.1342 3.44426
33.1442 3.44724
33.1542 3.45021
33.1643 3.45318
33.1743 3.45616
33.1843 3.45913
33.1943 3.46211
33.2043 3.46508
33.2143 3.46805
33.2243 3.47103
33.2343 3.474
33.2443 3.47697
33.2543 3.47995
33.2643 3.48292
33.2743 3.48589
33.2843 3.48887
33.2943 3.49184
33.3043 3.49481
33.3143 3.49779
33.3243 3.50076
33.3343 3.50374
33.3443 3.50671
33.3543 3.50968
33.3643 3.51266
33.3743 3.51563
33.3843 3.5186
33.3943 3.52158
33.4043 3.52455
33.4143 3.52752
33.4243 3.5305
33.4343 3.53347
33.4443 3.53645
33.4543 3.53942
33.4643 3.54239
33.4743 3.54537
33.4843 3.54834
33.4943 3.55131
33.5043 3.55429
33.5143 3.55726
33.5243 3.56023
33.5343 3.56321
33.5443 3.56618
33.5543 3.56915
33.5643 3.57213
33.5743 3.5751
33.5843 3.57808
33.5943 3.58105
33.6043 3.58402
33.6143 3.587
33.6243 3.58997
33.6343 3.59294
33.6443 3.59592
33.6543 3.59889
33.6643 3.60186
33.6743 3.60484
33.6843 3.60781
33.6943 3.61079
33.7043 3.61376
33.7143 3.61673
33.7243 3.61971
33.7343 3.62268
33.7443 3.62565
33.7543 3.62863
33.7643 3.6316
33.7743 3.63457
33.7843 3.63755
33.7943 3.64052
33.8043 3.64349
33.8143 3.64647
33.8243 3.64944
33.8343 3.65242
33.8443 3.65539
33.8543 3.65836
33.8643 3.66134
33.8743 3.66431
33.8843 3.66728
33.8943 3.67026
33.9043 3.67323
33.9143 3.6762
33.9243 3.67918
33.9343 3.68215
33.9444 3.68513
33.9544 3.6881
33.9644 3.69107
33.9744 3.69405
33.9844 3.69702
33.9944 3.69999
34.0044 3.70297
34.0144 3.70594
34.0244 3.70891
34.0344 3.71189
34.0444 3.71486
34.0544 3.71783
34.0644 3.72081
34.0744 3.72378
34.0844 3.72676
34.0944 3.72973
34.1044 3.7327
34.1144 3.73568
34.1244 3.73865
34.1344 3.74162
34.1444 3.7446
34.1544 3.74757
34.1644 3.75054
34.1744 3.75352
34.1844 3.75649
34.1944 3.75947
34.2044 3.76244
34.2144 3.76541
34.2244 3.76839
34.2344 3.77136
34.2444 3.77433
34.2544 3.77731
34.2644 3.78028
34.2744 3.78325
34.2844 3.78623
34.2944 3.7892
34.3044 3.79217
34.3144 3.79515
34.3244 3.79812
34.3344 3.8011
34.3444 3.80407
34.3544 3.80704
34.3644 3.81002
34.3744 3.81299
34.3844 3.81596
34.3944 3.81894
34.4044 3.82191
34.4144 3.82488
34.4244 3.82786
34.4344 3.83083
34.4444 3.83381
34.4544 3.83678
34.4644 3.83975
34.4744 3.84273
34.4844 3.8457
34.4944 3.84867
34.5044 3.85165
34.5144 3.85462
34.5244 3.85759
34.5344 3.86057
34.5444 3.86354
34.5544 3.86651
34.5644 3.86949
34.5744 3.87246
34.5844 3.87544
34.5944 3.87841
34.6044 3.88138
34.6144 3.88436
34.6244 3.88733
34.6344 3.8903
34.6444 3.89328
34.6544 3.89625
34.6644 3.89922
34.6744 3.9022
34.6844 3.90517
34.6944 3.90815
34.7044 3.91112
34.7144 3.91409
34.7245 3.91707
34.7345 3.92004
34.7445 3.92301
34.7545 3.92599
34.7645 3.92896
34.7745 3.93193
34.7845 3.93491
34.7945 3.93788
34.8045 3.94085
34.8145 3.94383
34.8245 3.9468
34.8345 3.94978
34.8445 3.95275
34.8545 3.95572
34.8645 3.9587
34.8745 3.96167
34.8845 3.96464
34.8945 3.96762
34.9045 3.97059
34.9145 3.97356
34.9245 3.97654
34.9345 3.97951
34.9445 3.98249
34.9545 3.98546
34.9645 3.98843
34.9745 3.99141
34.9845 3.99438
34.9945 3.99735
35.0045 4.00033
35.0145 4.0033
35.0245 4.00627
35.0345 4.00925
35.0445 4.01222
35.0545 4.01519
35.0645 4.01817
35.0745 4.02114
35.0845 4.02412
35.0945 4.02709
35.1045 4.03006
35.1145 4.03304
35.1245 4.03601
35.1345 4.03898
35.1445 4.04196
35.1545 4.04493
35.1645 4.0479
35.1745 4.05088
35.1845 4.05385
35.1945 4.05682
35.2045 4.0598
35.2145 4.06277
35.2245 4.06575
35.2345 4.06872
35.2445 4.07169
35.2545 4.07467
35.2645 4.07764
35.2745 4.08061
35.2845 4.08359
35.2945 4.08656
35.3045 4.08953
35.3145 4.09251
35.3245 4.09548
35.3345 4.09845
35.3445 4.10143
35.3545 4.1044
35.3645 4.10738
35.3745 4.11035
35.3845 4.11332
35.3945 4.1163
35.4045 4.11927
