#########################################################################
:FileType xy  ASCII  EnSim 1.0
# Canadian Hydraulics Centre/National Research Council (c) 1998-2012
# DataType                 XY DataObject
#
:Application              BlueKenue
:Version                  3.3.4
:WrittenBy                gegenleithner_admin
:CreationDate             Thu, Jul 20, 2023 08:59 AM
#
#------------------------------------------------------------------------
#
:AttributeName  1 
:AttributeUnits 1 m
:AttributeName  2 
:AttributeUnits 2 
:EndHeader
0 2.07569
0.00999277 2.07274
0.0199855 2.06979
0.0299783 2.06684
0.0399711 2.06389
0.0499639 2.06094
0.0599566 2.05799
0.0699494 2.05504
0.0799422 2.05209
0.0899349 2.04914
0.0999277 2.04619
0.10992 2.04324
0.119913 2.04029
0.129906 2.03733
0.139899 2.03438
0.149892 2.03143
0.159884 2.02848
0.169877 2.02553
0.17987 2.02258
0.189863 2.01963
0.199855 2.01668
0.209848 2.01373
0.219841 2.01078
0.229834 2.00783
0.239827 2.00488
0.249819 2.00193
0.259812 1.99897
0.269805 1.99602
0.279798 1.99307
0.28979 1.99012
0.299783 1.98717
0.309776 1.98422
0.319769 1.98127
0.329761 1.97832
0.339754 1.97537
0.349747 1.97242
0.35974 1.96947
0.369733 1.96652
0.379725 1.96357
0.389718 1.96062
0.399711 1.95766
0.409704 1.95471
0.419696 1.95176
0.429689 1.94881
0.439682 1.94586
0.449675 1.94291
0.459668 1.93996
0.46966 1.93701
0.479653 1.93406
0.489646 1.93111
0.499639 1.92816
0.509631 1.92521
0.519624 1.92226
0.529617 1.91931
0.53961 1.91635
0.549602 1.9134
0.559595 1.91045
0.569588 1.9075
0.579581 1.90455
0.589574 1.9016
0.599566 1.89865
0.609559 1.8957
0.619552 1.89275
0.629545 1.8898
0.639537 1.88685
0.64953 1.8839
0.659523 1.88095
0.669516 1.878
0.679508 1.87504
0.689501 1.87209
0.699494 1.86914
0.709487 1.86619
0.71948 1.86324
0.729472 1.86029
0.739465 1.85734
0.749458 1.85439
0.759451 1.85144
0.769443 1.84849
0.779436 1.84554
0.789429 1.84259
0.799422 1.83964
0.809415 1.83669
0.819407 1.83373
0.8294 1.83078
0.839393 1.82783
0.849386 1.82488
0.859378 1.82193
0.869371 1.81898
0.879364 1.81603
0.889357 1.81308
0.899349 1.81013
0.909342 1.80718
0.919335 1.80423
0.929328 1.80128
0.939321 1.79833
0.949313 1.79537
0.959306 1.79242
0.969299 1.78947
0.979292 1.78652
0.989284 1.78357
0.999277 1.78062
1.00927 1.77767
1.01926 1.77472
1.02926 1.77177
1.03925 1.76882
1.04924 1.76587
1.05923 1.76292
1.06923 1.75997
1.07922 1.75702
1.08921 1.75406
1.0992 1.75111
1.1092 1.74816
1.11919 1.74521
1.12918 1.74226
1.13918 1.73931
1.14917 1.73636
1.15916 1.73341
1.16915 1.73046
1.17915 1.72751
1.18914 1.72456
1.19913 1.72161
1.20913 1.71866
1.21912 1.71571
1.22911 1.71275
1.2391 1.7098
1.2491 1.70685
1.25909 1.7039
1.26908 1.70095
1.27907 1.698
1.28907 1.69505
1.29906 1.6921
1.30905 1.68915
1.31905 1.6862
1.32904 1.68325
1.33903 1.6803
1.34902 1.67735
1.35902 1.6744
1.36901 1.67144
1.379 1.66849
1.389 1.66554
1.39899 1.66259
1.40898 1.65964
1.41897 1.65669
1.42897 1.65374
1.43896 1.65079
1.44895 1.64784
1.45894 1.64489
1.46894 1.64194
1.47893 1.63899
1.48892 1.63604
1.49892 1.63309
1.50891 1.63013
1.5189 1.62718
1.52889 1.62423
1.53889 1.62128
1.54888 1.61833
1.55887 1.61538
1.56887 1.61243
1.57886 1.60948
1.58885 1.60653
1.59884 1.60358
1.60884 1.60063
1.61883 1.59768
1.62882 1.59473
1.63881 1.59178
1.64881 1.58882
1.6588 1.58587
1.66879 1.58292
1.67879 1.57997
1.68878 1.57702
1.69877 1.57407
1.70876 1.57112
1.71876 1.56817
1.72875 1.56522
1.73874 1.56227
1.74874 1.55932
1.75873 1.55637
1.76872 1.55342
1.77871 1.55047
1.78871 1.54751
1.7987 1.54456
1.80869 1.54161
1.81868 1.53866
1.82868 1.53571
1.83867 1.53276
1.84866 1.52981
1.85866 1.52686
1.86865 1.52391
1.87864 1.52096
1.88863 1.51801
1.89863 1.51506
1.90862 1.51211
1.91861 1.50916
1.9286 1.5062
1.9386 1.50325
1.94859 1.5003
1.95858 1.49735
1.96858 1.4944
1.97857 1.49145
1.98856 1.4885
1.99855 1.48555
2.00855 1.4826
2.01854 1.47965
2.02853 1.4767
2.03853 1.47375
2.04852 1.4708
2.05851 1.46784
2.0685 1.46489
2.0785 1.46194
2.08849 1.45899
2.09848 1.45604
2.10847 1.45309
2.11847 1.45014
2.12846 1.44719
2.13845 1.44424
2.14845 1.44129
2.15844 1.43834
2.16843 1.43539
2.17842 1.43244
2.18842 1.42949
2.19841 1.42653
2.2084 1.42358
2.2184 1.42063
2.22839 1.41768
2.23838 1.41473
2.24837 1.41178
2.25837 1.40883
2.26836 1.40588
2.27835 1.40293
2.28834 1.39998
2.29834 1.39703
2.30833 1.39408
2.31832 1.39113
2.32832 1.38818
2.33831 1.38522
2.3483 1.38227
2.35829 1.37932
2.36829 1.37637
2.37828 1.37342
2.38827 1.37047
2.39827 1.36752
2.40826 1.36457
2.41825 1.36162
2.42824 1.35867
2.43824 1.35572
2.44823 1.35277
2.45822 1.34982
2.46821 1.34687
2.47821 1.34391
2.4882 1.34096
2.49819 1.33801
2.50819 1.33506
2.51818 1.33211
2.52817 1.32916
2.53816 1.32621
2.54816 1.32326
2.55815 1.32031
2.56814 1.31736
2.57814 1.31441
2.58813 1.31146
2.59812 1.30851
2.60811 1.30556
2.61811 1.3026
2.6281 1.29965
2.63809 1.2967
2.64808 1.29375
2.65808 1.2908
2.66807 1.28785
2.67806 1.2849
2.68806 1.28195
2.69805 1.279
2.70804 1.27605
2.71803 1.2731
2.72803 1.27015
2.73802 1.2672
2.74801 1.26425
2.75801 1.26129
2.768 1.25834
2.77799 1.25539
2.78798 1.25244
2.79798 1.24949
2.80797 1.24654
2.81796 1.24359
2.82795 1.24064
2.83795 1.23769
2.84794 1.23474
2.85793 1.23179
2.86793 1.22884
2.87792 1.22589
2.88791 1.22294
2.8979 1.21998
2.9079 1.21703
2.91789 1.21408
2.92788 1.21113
2.93787 1.20818
2.94787 1.20523
2.95786 1.20228
2.96785 1.19933
2.97785 1.19638
2.98784 1.19343
2.99783 1.19048
3.00782 1.18753
3.01782 1.18458
3.02781 1.18163
3.0378 1.17867
3.0478 1.17572
3.05779 1.17277
3.06778 1.16982
3.07777 1.16687
3.08777 1.16392
3.09776 1.16097
3.10775 1.15802
3.11774 1.15507
3.12774 1.15212
3.13773 1.14917
3.14772 1.14622
3.15772 1.14327
3.16771 1.14032
3.1777 1.13736
3.18769 1.13441
3.19769 1.13146
3.20768 1.12851
3.21767 1.12556
3.22767 1.12261
3.23766 1.11966
3.24765 1.11671
3.25764 1.11376
3.26764 1.11081
3.27763 1.10786
3.28762 1.10491
3.29761 1.10196
3.30761 1.09901
3.3176 1.09605
3.32759 1.0931
3.33759 1.09015
3.34758 1.0872
3.35757 1.08425
3.36756 1.0813
3.37756 1.07835
3.38755 1.0754
3.39754 1.07245
3.40754 1.0695
3.41753 1.06655
3.42752 1.0636
3.43751 1.06065
3.44751 1.05769
3.4575 1.05474
3.46749 1.05179
3.47748 1.04884
3.48748 1.04589
3.49747 1.04294
3.50746 1.03999
3.51746 1.03704
3.52745 1.03409
3.53744 1.03114
3.54743 1.02819
3.55743 1.02524
3.56742 1.02229
3.57741 1.01934
3.58741 1.01638
3.5974 1.01343
3.60739 1.01048
3.61738 1.00753
3.62738 1.00458
3.63737 1.00163
3.64736 0.998681
3.65735 0.99573
3.66735 0.992779
3.67734 0.989828
3.68733 0.986878
3.69733 0.983927
3.70732 0.980976
3.71731 0.978026
3.7273 0.975075
3.7373 0.972124
3.74729 0.969173
3.75728 0.966223
3.76727 0.963272
3.77727 0.960321
3.78726 0.95737
3.79725 0.95442
3.80725 0.951469
3.81724 0.948518
3.82723 0.945568
3.83722 0.942617
3.84722 0.939666
3.85721 0.936715
3.8672 0.933765
3.8772 0.930814
3.88719 0.927863
3.89718 0.924913
3.90717 0.921962
3.91717 0.919011
3.92716 0.91606
3.93715 0.91311
3.94714 0.910159
3.95714 0.907208
3.96713 0.904258
3.97712 0.901307
3.98712 0.898356
3.99711 0.895405
4.0071 0.892455
4.01709 0.889504
4.02709 0.886553
4.03708 0.883602
4.04707 0.880652
4.05707 0.877701
4.06706 0.87475
4.07705 0.8718
4.08704 0.868849
4.09704 0.865898
4.10703 0.862947
4.11702 0.859997
4.12701 0.857046
4.13701 0.854095
4.147 0.851145
4.15699 0.848194
4.16699 0.845243
4.17698 0.842292
4.18697 0.839342
4.19696 0.836391
4.20696 0.83344
4.21695 0.83049
4.22694 0.827539
4.23694 0.824588
4.24693 0.821637
4.25692 0.818687
4.26691 0.815736
4.27691 0.812785
4.2869 0.809834
4.29689 0.806884
4.30688 0.803933
4.31688 0.800982
4.32687 0.798032
4.33686 0.795081
4.34686 0.79213
4.35685 0.789179
4.36684 0.786229
4.37683 0.783278
4.38683 0.780327
4.39682 0.777377
4.40681 0.774426
4.41681 0.771475
4.4268 0.768524
4.43679 0.765574
4.44678 0.762623
4.45678 0.759672
4.46677 0.756721
4.47676 0.753771
4.48675 0.75082
4.49675 0.747869
4.50674 0.744919
4.51673 0.741968
4.52673 0.739017
4.53672 0.736066
4.54671 0.733116
4.5567 0.730165
4.5667 0.727214
4.57669 0.724264
4.58668 0.721313
4.59668 0.718362
4.60667 0.715411
4.61666 0.712461
4.62665 0.70951
4.63665 0.706559
4.64664 0.703609
4.65663 0.700658
4.66662 0.697707
4.67662 0.694756
4.68661 0.691806
4.69661 0.688904
4.70662 0.686002
4.71662 0.683101
4.72662 0.680199
4.73663 0.677298
4.74663 0.674396
4.75663 0.671494
4.76664 0.668593
4.77664 0.665691
4.78664 0.66279
4.79664 0.659888
4.80665 0.656986
4.81665 0.654085
4.82665 0.651183
4.83666 0.648282
4.84666 0.64538
4.85666 0.642478
4.86667 0.639577
4.87667 0.636675
4.88667 0.633774
4.89668 0.630872
4.90668 0.62797
4.91668 0.625069
4.92669 0.622167
4.93669 0.619266
4.94669 0.616364
4.9567 0.613463
4.9667 0.610561
4.9767 0.607659
4.9867 0.604758
4.99671 0.601856
5.00671 0.599057
5.01671 0.596258
5.02672 0.593459
5.03672 0.590659
5.04672 0.58786
5.05673 0.585061
5.06673 0.582262
5.07673 0.579463
5.08674 0.576664
5.09674 0.573865
5.10674 0.571066
5.11675 0.568266
5.12675 0.565467
5.13675 0.562668
5.14676 0.559869
5.15676 0.55707
5.16676 0.554271
5.17677 0.551472
5.18677 0.548673
5.19677 0.545873
5.20677 0.543074
5.21678 0.540275
5.22678 0.537476
5.23678 0.534677
5.24679 0.531878
5.25679 0.529079
5.26679 0.52628
5.2768 0.52348
5.2868 0.520681
5.2968 0.517882
5.30681 0.515083
5.31681 0.512284
5.32681 0.509485
5.33682 0.506686
5.34682 0.503887
5.35682 0.501087
5.36683 0.498288
5.37683 0.495489
5.38683 0.49269
5.39683 0.489891
5.40684 0.487092
5.41684 0.484293
5.42684 0.481494
5.43685 0.478694
5.44685 0.475895
5.45685 0.473096
5.46686 0.470297
5.47686 0.467498
5.48686 0.464699
5.49687 0.4619
5.50687 0.459101
5.51687 0.456301
5.52688 0.453502
5.53688 0.450703
5.54688 0.447904
5.55689 0.445105
5.56689 0.442306
5.57689 0.439507
5.58689 0.436708
5.5969 0.433908
5.6069 0.431109
5.6169 0.42831
5.62691 0.425511
5.63691 0.422712
5.64691 0.419913
5.65692 0.417114
5.66692 0.414315
5.67692 0.411515
5.68693 0.408716
5.69693 0.405917
5.70693 0.403118
5.71694 0.400319
5.72694 0.39752
5.73694 0.394721
5.74695 0.391922
5.75695 0.389122
5.76695 0.386323
5.77696 0.383524
5.78696 0.380725
5.79696 0.377926
5.80696 0.375127
5.81697 0.372328
5.82697 0.369529
5.83697 0.366729
5.84698 0.36393
5.85698 0.361131
5.86698 0.358332
5.87699 0.355533
5.88699 0.352734
5.89699 0.349935
5.907 0.347136
5.917 0.344336
5.927 0.341537
5.93701 0.338738
5.94701 0.335939
5.95701 0.33314
5.96702 0.330341
5.97702 0.327542
5.98702 0.324743
5.99702 0.321943
6.00703 0.319144
6.01703 0.316345
6.02703 0.314781
6.03704 0.313302
6.04704 0.311824
6.05704 0.310345
6.06705 0.308866
6.07705 0.307388
6.08705 0.305909
6.09706 0.30443
6.10706 0.302952
6.11706 0.301473
6.12707 0.299994
6.13707 0.298516
6.14707 0.297037
6.15708 0.295558
6.16708 0.29408
6.17708 0.292601
6.18709 0.291122
6.19709 0.289643
6.20709 0.288165
6.21709 0.286686
6.2271 0.285207
6.2371 0.283729
6.2471 0.28225
6.25711 0.280771
6.26711 0.279293
6.27711 0.277814
6.28712 0.276335
6.29712 0.274857
6.30712 0.273378
6.31713 0.271004
6.32713 0.270998
6.33713 0.270991
6.34714 0.270984
6.35714 0.270978
6.36714 0.270971
6.37715 0.270964
6.38715 0.270958
6.39715 0.270951
6.40715 0.270944
6.41716 0.270938
6.42716 0.270931
6.43716 0.270925
6.44717 0.270918
6.45717 0.270911
6.46717 0.270905
6.47718 0.270898
6.48718 0.270891
6.49718 0.270885
6.50719 0.270878
6.51719 0.270871
6.52719 0.270865
6.5372 0.270858
6.5472 0.270852
6.5572 0.270845
6.56721 0.270838
6.57721 0.270832
6.58721 0.270825
6.59721 0.270818
6.60722 0.270812
6.61722 0.270805
6.62722 0.270799
6.63723 0.270792
6.64723 0.270785
6.65723 0.270779
6.66724 0.270772
6.67724 0.270765
6.68724 0.270759
6.69725 0.270752
6.70725 0.270745
6.71725 0.270739
6.72726 0.270732
6.73726 0.270726
6.74726 0.270719
6.75727 0.270712
6.76727 0.270706
6.77727 0.270699
6.78728 0.270692
6.79728 0.270686
6.80728 0.270679
6.81728 0.270673
6.82729 0.270666
6.83729 0.270659
6.84729 0.270653
6.8573 0.270646
6.8673 0.270639
6.8773 0.270633
6.88731 0.270626
6.89731 0.270619
6.90731 0.270613
6.91732 0.270606
6.92732 0.2706
6.93732 0.270593
6.94733 0.270586
6.95733 0.27058
6.96733 0.270573
6.97734 0.270566
6.98734 0.27056
6.99734 0.270553
7.00734 0.270547
7.01735 0.27054
7.02735 0.270533
7.03735 0.270527
7.04736 0.27052
7.05736 0.270513
7.06736 0.270507
7.07737 0.2705
7.08737 0.270493
7.09737 0.270487
7.10738 0.27048
7.11738 0.270474
7.12738 0.270467
7.13739 0.27046
7.14739 0.270454
7.15739 0.270447
7.1674 0.27044
7.1774 0.270434
7.1874 0.270427
7.1974 0.270421
7.20741 0.270414
7.21741 0.270407
7.22741 0.270401
7.23742 0.270394
7.24742 0.270387
7.25742 0.270381
7.26743 0.270374
7.27743 0.270367
7.28743 0.270361
7.29744 0.270354
7.30744 0.270348
7.31744 0.270341
7.32745 0.270334
7.33745 0.270328
7.34745 0.270321
7.35746 0.270314
7.36746 0.270308
7.37746 0.270301
7.38747 0.270295
7.39747 0.270288
7.40747 0.270281
7.41747 0.270275
7.42748 0.270268
7.43748 0.270261
7.44748 0.270255
7.45749 0.270248
7.46749 0.270241
7.47749 0.270235
7.4875 0.270228
7.4975 0.270222
7.5075 0.270215
7.51751 0.270208
7.52751 0.270202
7.53751 0.270195
7.54752 0.270188
7.55752 0.270182
7.56752 0.270175
7.57753 0.270169
7.58753 0.270162
7.59753 0.270155
7.60753 0.270149
7.61754 0.270142
7.62754 0.270135
7.63754 0.270129
7.64755 0.270122
7.65755 0.270115
7.66755 0.270109
7.67756 0.270102
7.68756 0.270096
7.69756 0.270089
7.70757 0.270082
7.71757 0.270076
7.72757 0.270069
7.73758 0.270062
7.74758 0.270056
7.75758 0.270049
7.76759 0.270043
7.77759 0.270036
7.78759 0.270029
7.79759 0.270023
7.8076 0.270016
7.8176 0.270009
7.8276 0.270003
7.83761 0.269996
7.84761 0.269989
7.85761 0.269983
7.86762 0.269976
7.87762 0.26997
7.88762 0.269963
7.89763 0.269956
7.90763 0.26995
7.91763 0.269943
7.92764 0.269936
7.93764 0.26993
7.94764 0.269923
7.95765 0.269917
7.96765 0.26991
7.97765 0.269903
7.98766 0.269897
7.99766 0.26989
8.00766 0.269883
8.01766 0.269877
8.02767 0.26987
8.03767 0.269863
8.04767 0.269857
8.05768 0.26985
8.06768 0.269844
8.07768 0.269837
8.08769 0.26983
8.09769 0.269824
8.10769 0.269817
8.1177 0.26981
8.1277 0.269804
8.1377 0.269797
8.14771 0.269791
8.15771 0.269784
8.16771 0.269777
8.17772 0.269771
8.18772 0.269764
8.19772 0.269757
8.20772 0.269751
8.21773 0.269744
8.22773 0.269737
8.23773 0.269731
8.24774 0.269724
8.25774 0.269718
8.26774 0.269711
8.27775 0.269704
8.28775 0.269698
8.29775 0.269691
8.30776 0.269684
8.31776 0.269678
8.32776 0.269671
8.33777 0.269665
8.34777 0.269658
8.35777 0.269651
8.36778 0.269645
8.37778 0.269638
8.38778 0.269631
8.39778 0.269625
8.40779 0.269618
8.41779 0.269611
8.42779 0.269605
8.4378 0.269598
8.4478 0.269592
8.4578 0.269585
8.46781 0.269578
8.47781 0.269572
8.48781 0.269565
8.49782 0.269558
8.50782 0.269552
8.51782 0.269545
8.52783 0.269539
8.53783 0.269532
8.54783 0.269525
8.55784 0.269519
8.56784 0.269512
8.57784 0.269505
8.58785 0.269499
8.59785 0.269492
8.60785 0.269485
8.61785 0.269479
8.62786 0.269472
8.63786 0.269466
8.64786 0.269459
8.65787 0.269452
8.66787 0.269446
8.67787 0.269439
8.68788 0.269432
8.69788 0.269426
8.70788 0.269419
8.71789 0.269413
8.72789 0.269406
8.73789 0.269399
8.7479 0.269393
8.7579 0.269386
8.7679 0.269379
8.77791 0.269373
8.78791 0.269366
8.79791 0.269359
8.80791 0.269353
8.81792 0.269346
8.82792 0.26934
8.83792 0.269333
8.84793 0.269326
8.85793 0.26932
8.86793 0.269313
8.87794 0.269306
8.88794 0.2693
8.89794 0.269293
8.90795 0.269287
8.91795 0.26928
8.92795 0.269273
8.93796 0.269267
8.94796 0.26926
8.95796 0.269253
8.96797 0.269247
8.97797 0.26924
8.98797 0.269233
8.99797 0.269227
9.00798 0.26922
9.01798 0.269214
9.02798 0.269207
9.03799 0.2692
9.04799 0.269194
9.05799 0.269187
9.068 0.26918
9.078 0.269174
9.088 0.269167
9.09801 0.269161
9.10801 0.269154
9.11801 0.269147
9.12802 0.269141
9.13802 0.269134
9.14802 0.269127
9.15803 0.269121
9.16803 0.269114
9.17803 0.269107
9.18804 0.269101
9.19804 0.269094
9.20804 0.269088
9.21804 0.269081
9.22805 0.269074
9.23805 0.269068
9.24805 0.269061
9.25806 0.269054
9.26806 0.269048
9.27806 0.269041
9.28807 0.269035
9.29807 0.269028
9.30807 0.269021
9.31808 0.269015
9.32808 0.269008
9.33808 0.269001
9.34809 0.268995
9.35809 0.268988
9.36809 0.268981
9.3781 0.268975
9.3881 0.268968
9.3981 0.268962
9.4081 0.268955
9.41811 0.268948
9.42811 0.268942
9.43811 0.268935
9.44812 0.268928
9.45812 0.268922
9.46812 0.268915
9.47813 0.268908
9.48813 0.268902
9.49813 0.268895
9.50814 0.268889
9.51814 0.268882
9.52814 0.268875
9.53815 0.268869
9.54815 0.268862
9.55815 0.268855
9.56816 0.268849
9.57816 0.268842
9.58816 0.268836
9.59816 0.268829
9.60817 0.268822
9.61817 0.268816
9.62817 0.268809
9.63818 0.268802
9.64818 0.268796
9.65818 0.268789
9.66819 0.268782
9.67819 0.268776
9.68819 0.268769
9.6982 0.268763
9.7082 0.268756
9.7182 0.268749
9.72821 0.268743
9.73821 0.268736
9.74821 0.268729
9.75822 0.268723
9.76822 0.268716
9.77822 0.26871
9.78823 0.268703
9.79823 0.268696
9.80823 0.26869
9.81823 0.268683
9.82824 0.268676
9.83824 0.26867
9.84824 0.268663
9.85825 0.268656
9.86825 0.26865
9.87825 0.268643
9.88826 0.268637
9.89826 0.26863
9.90826 0.268623
9.91827 0.268617
9.92827 0.26861
9.93827 0.268603
9.94828 0.268597
9.95828 0.26859
9.96828 0.268584
9.97829 0.268577
9.98829 0.26857
9.99829 0.268564
10.0083 0.268557
10.0183 0.26855
10.0283 0.268544
10.0383 0.268537
10.0483 0.26853
10.0583 0.268524
10.0683 0.268517
10.0783 0.268511
10.0883 0.268504
10.0983 0.268497
10.1083 0.268491
10.1183 0.268484
10.1283 0.268477
10.1383 0.268471
10.1483 0.268464
10.1583 0.268458
10.1683 0.268451
10.1783 0.268444
10.1884 0.268438
10.1984 0.268431
10.2084 0.268424
10.2184 0.268418
10.2284 0.268411
10.2384 0.268404
10.2484 0.268398
10.2584 0.268391
10.2684 0.268385
10.2784 0.268378
10.2884 0.268371
10.2984 0.268365
10.3084 0.268358
10.3184 0.268351
10.3284 0.268345
10.3384 0.268338
10.3484 0.268332
10.3584 0.268325
10.3684 0.268318
10.3784 0.268312
10.3884 0.268305
10.3984 0.268298
10.4084 0.268292
10.4184 0.268285
10.4284 0.268278
10.4384 0.268272
10.4484 0.268265
10.4584 0.268259
10.4684 0.268252
10.4784 0.268245
10.4884 0.268239
10.4984 0.268232
10.5085 0.268225
10.5185 0.268219
10.5285 0.268212
10.5385 0.268206
10.5485 0.268199
10.5585 0.268192
10.5685 0.268186
10.5785 0.268179
10.5885 0.268172
10.5985 0.268166
10.6085 0.268159
10.6185 0.268152
10.6285 0.268146
10.6385 0.268139
10.6485 0.268133
10.6585 0.268126
10.6685 0.268119
10.6785 0.268113
10.6885 0.268106
10.6985 0.268099
10.7085 0.268093
10.7185 0.268086
10.7285 0.26808
10.7385 0.268073
10.7485 0.268066
10.7585 0.26806
10.7685 0.268053
10.7785 0.268046
10.7885 0.26804
10.7985 0.268033
10.8085 0.268026
10.8186 0.26802
10.8286 0.268013
10.8386 0.268007
10.8486 0.268
10.8586 0.267993
10.8686 0.267987
10.8786 0.26798
10.8886 0.267973
10.8986 0.267967
10.9086 0.26796
10.9186 0.267954
10.9286 0.267947
10.9386 0.26794
10.9486 0.267934
10.9586 0.267927
10.9686 0.26792
10.9786 0.267914
10.9886 0.267907
10.9986 0.2679
11.0086 0.267894
11.0186 0.267887
11.0286 0.267881
11.0386 0.267874
11.0486 0.267867
11.0586 0.267861
11.0686 0.267854
11.0786 0.267847
11.0886 0.267841
11.0986 0.267834
11.1086 0.267828
11.1186 0.267821
11.1286 0.267814
11.1387 0.267808
11.1487 0.267801
11.1587 0.267794
11.1687 0.267788
11.1787 0.267781
11.1887 0.267774
11.1987 0.267768
11.2087 0.267761
11.2187 0.267755
11.2287 0.267748
11.2387 0.267741
11.2487 0.267735
11.2587 0.267728
11.2687 0.267721
11.2787 0.267715
11.2887 0.267708
11.2987 0.267701
11.3087 0.267695
11.3187 0.267688
11.3287 0.267682
11.3387 0.267675
11.3487 0.267668
11.3587 0.267662
11.3687 0.267655
11.3787 0.267648
11.3887 0.267642
11.3987 0.267635
11.4087 0.267629
11.4187 0.267622
11.4287 0.267615
11.4387 0.267609
11.4488 0.267602
11.4588 0.267595
11.4688 0.267589
11.4788 0.267582
11.4888 0.267576
11.4988 0.267569
11.5088 0.267562
11.5188 0.267556
11.5288 0.267549
11.5388 0.267543
11.5488 0.267536
11.5588 0.267529
11.5688 0.267523
11.5788 0.267516
11.5888 0.26751
11.5988 0.267503
11.6088 0.267497
11.6188 0.26749
11.6288 0.267483
11.6388 0.267477
11.6488 0.26747
11.6588 0.267464
11.6688 0.267457
11.6788 0.26745
11.6888 0.267444
11.6988 0.267437
11.7089 0.267431
11.7189 0.267424
11.7289 0.267418
11.7389 0.267411
11.7489 0.267404
11.7589 0.267398
11.7689 0.267391
11.7789 0.267385
11.7889 0.267378
11.7989 0.267371
11.8089 0.267365
11.8189 0.267358
11.8289 0.267352
11.8389 0.267345
11.8489 0.267339
11.8589 0.267332
11.8689 0.267325
11.8789 0.267319
11.8889 0.267312
11.8989 0.267306
11.9089 0.267299
11.9189 0.267292
11.9289 0.267286
11.9389 0.267279
11.949 0.267273
11.959 0.267266
11.969 0.26726
11.979 0.267253
11.989 0.267246
11.999 0.26724
12.009 0.267233
12.019 0.267227
12.029 0.26722
12.039 0.267213
12.049 0.267207
12.059 0.2672
12.069 0.267194
12.079 0.267187
12.089 0.26718
12.099 0.267174
12.109 0.267167
12.119 0.267161
12.129 0.267154
12.139 0.267148
12.149 0.267141
12.159 0.267134
12.169 0.267128
12.179 0.267121
12.189 0.267115
12.1991 0.267108
12.2091 0.267101
12.2191 0.267095
12.2291 0.267088
12.2391 0.267082
12.2491 0.267075
12.2591 0.267069
12.2691 0.267062
12.2791 0.267055
12.2891 0.267049
12.2991 0.267042
12.3091 0.267036
12.3191 0.267029
12.3291 0.267022
12.3391 0.267016
12.3491 0.267009
12.3591 0.267003
12.3691 0.266996
12.3791 0.26699
12.3891 0.266983
12.3991 0.266976
12.4091 0.26697
12.4191 0.266963
12.4291 0.266957
12.4391 0.26695
12.4492 0.266943
12.4592 0.266937
12.4692 0.26693
12.4792 0.266924
12.4892 0.266917
12.4992 0.266911
12.5092 0.266904
12.5192 0.266897
12.5292 0.266891
12.5392 0.266884
12.5492 0.266878
12.5592 0.266871
12.5692 0.266864
12.5792 0.266858
12.5892 0.266851
12.5992 0.266845
12.6092 0.266838
12.6192 0.266832
12.6292 0.266825
12.6392 0.266818
12.6492 0.266812
12.6592 0.266805
12.6692 0.266799
12.6792 0.266792
12.6893 0.266785
12.6993 0.266779
12.7093 0.266772
12.7193 0.266766
12.7293 0.266759
12.7393 0.266753
12.7493 0.266746
12.7593 0.266739
12.7693 0.266733
12.7793 0.266726
12.7893 0.26672
12.7993 0.266713
12.8093 0.266706
12.8193 0.2667
12.8293 0.266693
12.8393 0.266687
12.8493 0.26668
12.8593 0.266674
12.8693 0.266667
12.8793 0.26666
12.8893 0.266654
12.8993 0.266647
12.9093 0.266641
12.9193 0.266634
12.9293 0.266627
12.9394 0.266621
12.9494 0.266614
12.9594 0.266608
12.9694 0.266601
12.9794 0.266595
12.9894 0.266588
12.9994 0.266581
13.0094 0.266575
13.0194 0.266568
13.0294 0.266562
13.0394 0.266555
13.0494 0.266548
13.0594 0.266542
13.0694 0.266535
13.0794 0.266529
13.0894 0.266522
13.0994 0.266515
13.1094 0.266509
13.1194 0.266502
13.1294 0.266496
13.1394 0.266489
13.1494 0.266483
13.1594 0.266476
13.1694 0.266469
13.1794 0.266463
13.1895 0.266456
13.1995 0.26645
13.2095 0.266443
13.2195 0.266436
13.2295 0.26643
13.2395 0.266423
13.2495 0.266417
13.2595 0.26641
13.2695 0.266404
13.2795 0.266397
13.2895 0.26639
13.2995 0.266384
13.3095 0.266377
13.3195 0.266371
13.3295 0.266364
13.3395 0.266357
13.3495 0.266351
13.3595 0.266344
13.3695 0.266338
13.3795 0.266331
13.3895 0.266325
13.3995 0.266318
13.4095 0.266311
13.4195 0.266305
13.4296 0.266298
13.4396 0.266292
13.4496 0.266285
13.4596 0.266278
13.4696 0.266272
13.4796 0.266265
13.4896 0.266259
13.4996 0.266252
13.5096 0.266246
13.5196 0.266239
13.5296 0.266232
13.5396 0.266226
13.5496 0.266219
13.5596 0.266213
13.5696 0.266206
13.5796 0.266199
13.5896 0.266193
13.5996 0.266186
13.6096 0.26618
13.6196 0.266173
13.6296 0.266167
13.6396 0.26616
13.6496 0.266153
13.6596 0.266147
13.6696 0.26614
13.6797 0.266134
13.6897 0.266127
13.6997 0.26612
13.7097 0.266114
13.7197 0.266107
13.7297 0.266101
13.7397 0.266094
13.7497 0.266087
13.7597 0.266081
13.7697 0.266074
13.7797 0.266068
13.7897 0.266061
13.7997 0.266055
13.8097 0.266048
13.8197 0.266041
13.8297 0.266035
13.8397 0.266028
13.8497 0.266022
13.8597 0.266015
13.8697 0.266008
13.8797 0.266002
13.8897 0.265995
13.8997 0.265989
13.9097 0.265982
13.9197 0.265976
13.9298 0.265969
13.9398 0.265962
13.9498 0.265956
13.9598 0.265949
13.9698 0.265943
13.9798 0.265936
13.9898 0.265929
13.9998 0.265923
14.0098 0.265916
14.0198 0.26591
14.0298 0.265903
14.0398 0.265897
14.0498 0.26589
14.0598 0.265883
14.0698 0.265877
14.0798 0.26587
14.0898 0.265864
14.0998 0.265857
14.1098 0.26585
14.1198 0.265844
14.1298 0.265837
14.1398 0.265831
14.1498 0.265824
14.1598 0.265818
14.1699 0.265811
14.1799 0.265804
14.1899 0.265798
14.1999 0.265791
14.2099 0.265785
14.2199 0.265778
14.2299 0.265771
14.2399 0.265765
14.2499 0.265758
14.2599 0.265752
14.2699 0.265745
14.2799 0.265739
14.2899 0.265732
14.2999 0.265725
14.3099 0.265719
14.3199 0.265712
14.3299 0.265706
14.3399 0.265699
14.3499 0.265692
14.3599 0.265686
14.3699 0.265679
14.3799 0.265673
14.3899 0.265666
14.3999 0.26566
14.4099 0.265653
14.42 0.265646
14.43 0.26564
14.44 0.265633
14.45 0.265627
14.46 0.26562
14.47 0.265613
14.48 0.265607
14.49 0.2656
14.5 0.265594
14.51 0.265587
14.52 0.265581
14.53 0.265574
14.54 0.265567
14.55 0.265561
14.56 0.265554
14.57 0.265548
14.58 0.265541
14.59 0.265534
14.6 0.265528
14.61 0.265521
14.62 0.265515
14.63 0.265508
14.64 0.265501
14.65 0.265495
14.66 0.265488
14.6701 0.265482
14.6801 0.265475
14.6901 0.265469
14.7001 0.265462
14.7101 0.265455
14.7201 0.265449
14.7301 0.265442
14.7401 0.265436
14.7501 0.265429
14.7601 0.265422
14.7701 0.265416
14.7801 0.265409
14.7901 0.265403
14.8001 0.265396
14.8101 0.26539
14.8201 0.265383
14.8301 0.265376
14.8401 0.26537
14.8501 0.265363
14.8601 0.265357
14.8701 0.26535
14.8801 0.265343
14.8901 0.265337
14.9001 0.26533
14.9102 0.265324
14.9202 0.265317
14.9302 0.265311
14.9402 0.265304
14.9502 0.265297
14.9602 0.265291
14.9702 0.265284
14.9802 0.265278
14.9902 0.265271
15.0002 0.265264
15.0102 0.265258
15.0202 0.265251
15.0302 0.265245
15.0402 0.265238
15.0502 0.265232
15.0602 0.265225
15.0702 0.265218
15.0802 0.265212
15.0902 0.265205
15.1002 0.265199
15.1102 0.265192
15.1202 0.265185
15.1302 0.265179
15.1402 0.265172
15.1502 0.265166
15.1603 0.265159
15.1703 0.265153
15.1803 0.265146
15.1903 0.265139
15.2003 0.265133
15.2103 0.265126
15.2203 0.26512
15.2303 0.265113
15.2403 0.265106
15.2503 0.2651
15.2603 0.265093
15.2703 0.265087
15.2803 0.26508
15.2903 0.265074
15.3003 0.265067
15.3103 0.26506
15.3203 0.265054
15.3303 0.265047
15.3403 0.265041
15.3503 0.265034
15.3603 0.265027
15.3703 0.265021
15.3803 0.265014
15.3903 0.265008
15.4003 0.265001
15.4104 0.264995
15.4204 0.264988
15.4304 0.264981
15.4404 0.264975
15.4504 0.264968
15.4604 0.264962
15.4704 0.264955
15.4804 0.264948
15.4904 0.264942
15.5004 0.264935
15.5104 0.264929
15.5204 0.264922
15.5304 0.264916
15.5404 0.264909
15.5504 0.264902
15.5604 0.264896
15.5704 0.264889
15.5804 0.264883
15.5904 0.264876
15.6004 0.264869
15.6104 0.264863
15.6204 0.264856
15.6304 0.26485
15.6404 0.264843
15.6505 0.264837
15.6605 0.26483
15.6705 0.264823
15.6805 0.264817
15.6905 0.26481
15.7005 0.264804
15.7105 0.264797
15.7205 0.26479
15.7305 0.264784
15.7405 0.264777
15.7505 0.264771
15.7605 0.264764
15.7705 0.264758
15.7805 0.264751
15.7905 0.264744
15.8005 0.264738
15.8105 0.264731
15.8205 0.264725
15.8305 0.264718
15.8405 0.264711
15.8505 0.264705
15.8605 0.264698
15.8705 0.264692
15.8805 0.264685
15.8905 0.264679
15.9006 0.264672
15.9106 0.264665
15.9206 0.264659
15.9306 0.264652
15.9406 0.264646
15.9506 0.264639
15.9606 0.264632
15.9706 0.264626
15.9806 0.264619
15.9906 0.264613
16.0006 0.264606
16.0106 0.2646
16.0206 0.264593
16.0306 0.264586
16.0406 0.26458
16.0506 0.264573
16.0606 0.264567
16.0706 0.26456
16.0806 0.264553
16.0906 0.264547
16.1006 0.26454
16.1106 0.264534
16.1206 0.264527
16.1306 0.26452
16.1406 0.264514
16.1507 0.264507
16.1607 0.264501
16.1707 0.264494
16.1807 0.264488
16.1907 0.264481
16.2007 0.264474
16.2107 0.264468
16.2207 0.264461
16.2307 0.264455
16.2407 0.264448
16.2507 0.264441
16.2607 0.264435
16.2707 0.264428
16.2807 0.264422
16.2907 0.264415
16.3007 0.264409
16.3107 0.264402
16.3207 0.264395
16.3307 0.264389
16.3407 0.264382
16.3507 0.264376
16.3607 0.264369
16.3707 0.264362
16.3807 0.264356
16.3908 0.264349
16.4008 0.264343
16.4108 0.264336
16.4208 0.26433
16.4308 0.264323
16.4408 0.264316
16.4508 0.26431
16.4608 0.264303
16.4708 0.264297
16.4808 0.26429
16.4908 0.264283
16.5008 0.264277
16.5108 0.26427
16.5208 0.264264
16.5308 0.264257
16.5408 0.264251
16.5508 0.264244
16.5608 0.264237
16.5708 0.264231
16.5808 0.264224
16.5908 0.264218
16.6008 0.264211
16.6108 0.264204
16.6208 0.264198
16.6308 0.264191
16.6409 0.264185
16.6509 0.264178
16.6609 0.264172
16.6709 0.264165
16.6809 0.264158
16.6909 0.264152
16.7009 0.264145
16.7109 0.264139
16.7209 0.264132
16.7309 0.264125
16.7409 0.264119
16.7509 0.264112
16.7609 0.264106
16.7709 0.264099
16.7809 0.264093
16.7909 0.264086
16.8009 0.264079
16.8109 0.264073
16.8209 0.264066
16.8309 0.26406
16.8409 0.264053
16.8509 0.264046
16.8609 0.26404
16.8709 0.264033
16.8809 0.264027
16.891 0.26402
16.901 0.264014
16.911 0.264007
16.921 0.264
16.931 0.263994
16.941 0.263987
16.951 0.263981
16.961 0.263974
16.971 0.263967
16.981 0.263961
16.991 0.263954
17.001 0.263948
17.011 0.263941
17.021 0.263934
17.031 0.263928
17.041 0.263921
17.051 0.263915
17.061 0.263908
17.071 0.263902
17.081 0.263895
17.091 0.263888
17.101 0.263882
17.111 0.263875
17.121 0.263869
17.1311 0.263862
17.1411 0.263855
17.1511 0.263849
17.1611 0.263842
17.1711 0.263836
17.1811 0.263829
17.1911 0.263823
17.2011 0.263816
17.2111 0.263809
17.2211 0.263803
17.2311 0.263796
17.2411 0.26379
17.2511 0.263783
17.2611 0.263776
17.2711 0.26377
17.2811 0.263763
17.2911 0.263757
17.3011 0.26375
17.3111 0.263744
17.3211 0.263737
17.3311 0.26373
17.3411 0.263724
17.3511 0.263717
17.3611 0.263711
17.3711 0.263704
17.3812 0.263697
17.3912 0.263691
17.4012 0.263684
17.4112 0.263678
17.4212 0.263671
17.4312 0.263665
17.4412 0.263658
17.4512 0.263651
17.4612 0.263645
17.4712 0.263638
17.4812 0.263632
17.4912 0.263625
17.5012 0.263618
17.5112 0.263612
17.5212 0.263605
17.5312 0.263599
17.5412 0.263591
17.5512 0.263583
17.5612 0.263575
17.5712 0.263567
17.5812 0.263559
17.5912 0.263551
17.6012 0.263543
17.6112 0.263535
17.6212 0.263527
17.6312 0.26352
17.6412 0.263512
17.6512 0.263504
17.6612 0.263496
17.6712 0.263488
17.6812 0.26348
17.6912 0.263472
17.7012 0.263464
17.7112 0.263456
17.7212 0.263448
17.7312 0.26344
17.7412 0.263433
17.7512 0.263425
17.7612 0.263417
17.7712 0.263409
17.7812 0.263401
17.7912 0.263393
17.8012 0.263385
17.8112 0.263377
17.8212 0.263369
17.8312 0.263361
17.8412 0.263353
17.8511 0.263346
17.8611 0.263338
17.8711 0.26333
17.8811 0.263322
17.8911 0.263314
17.9011 0.263306
17.9111 0.263298
17.9211 0.26329
17.9311 0.263282
17.9411 0.263274
17.9511 0.263266
17.9611 0.263259
17.9711 0.263251
17.9811 0.263243
17.9911 0.263235
18.0011 0.263227
18.0111 0.263219
18.0211 0.263211
18.0311 0.263203
18.0411 0.263195
18.0511 0.263187
18.0611 0.263179
18.0711 0.263171
18.0811 0.263164
18.0911 0.263156
18.1011 0.263148
18.1111 0.26314
18.1211 0.263132
18.1311 0.263124
18.1411 0.263116
18.1511 0.263108
18.1611 0.2631
18.1711 0.263092
18.1811 0.263084
18.1911 0.263077
18.2011 0.263069
18.2111 0.263061
18.2211 0.263053
18.2311 0.263045
18.2411 0.263037
18.2511 0.263029
18.2611 0.263021
18.2711 0.263013
18.2811 0.263005
18.2911 0.262997
18.3011 0.26299
18.3111 0.262982
18.3211 0.262974
18.3311 0.262966
18.3411 0.262958
18.3511 0.26295
18.361 0.262942
18.371 0.262934
18.381 0.262926
18.391 0.262918
18.401 0.26291
18.411 0.262903
18.421 0.262895
18.431 0.262887
18.441 0.262879
18.451 0.262871
18.461 0.262863
18.471 0.262855
18.481 0.262847
18.491 0.262839
18.501 0.262831
18.511 0.262823
18.521 0.262816
18.531 0.262808
18.541 0.2628
18.551 0.262792
18.561 0.262784
18.571 0.262776
18.581 0.262768
18.591 0.26276
18.601 0.262752
18.611 0.262744
18.621 0.262736
18.631 0.262728
18.641 0.262721
18.651 0.262713
18.661 0.262705
18.671 0.262697
18.681 0.262689
18.691 0.262681
18.701 0.262673
18.711 0.262665
18.721 0.262657
18.731 0.262649
18.741 0.262641
18.751 0.262634
18.761 0.262626
18.771 0.262618
18.781 0.26261
18.791 0.262602
18.801 0.262594
18.811 0.262586
18.821 0.262578
18.831 0.26257
18.841 0.262562
18.851 0.262554
18.861 0.262547
18.8709 0.262539
18.8809 0.262531
18.8909 0.262523
18.9009 0.262515
18.9109 0.262507
18.9209 0.262499
18.9309 0.262491
18.9409 0.262483
18.9509 0.262475
18.9609 0.262467
18.9709 0.26246
18.9809 0.262452
18.9909 0.262444
19.0009 0.262436
19.0109 0.262428
19.0209 0.26242
19.0309 0.262412
19.0409 0.262404
19.0509 0.262396
19.0609 0.262388
19.0709 0.26238
19.0809 0.262372
19.0909 0.262365
19.1009 0.262357
19.1109 0.262349
19.1209 0.262341
19.1309 0.262333
19.1409 0.262325
19.1509 0.262317
19.1609 0.262309
19.1709 0.262301
19.1809 0.262293
19.1909 0.262285
19.2009 0.262278
19.2109 0.26227
19.2209 0.262262
19.2309 0.262254
19.2409 0.262246
19.2509 0.262238
19.2609 0.26223
19.2709 0.262222
19.2809 0.262214
19.2909 0.262206
19.3009 0.262198
19.3109 0.262191
19.3209 0.262183
19.3309 0.262175
19.3409 0.262167
19.3509 0.262159
19.3609 0.262151
19.3708 0.262143
19.3808 0.262135
19.3908 0.262127
19.4008 0.262119
19.4108 0.262111
19.4208 0.262104
19.4308 0.262096
19.4408 0.262088
19.4508 0.26208
19.4608 0.262072
19.4708 0.262064
19.4808 0.262056
19.4908 0.262048
19.5008 0.26204
19.5108 0.262032
19.5208 0.262024
19.5308 0.262017
19.5408 0.262009
19.5508 0.262001
19.5608 0.261993
19.5708 0.261985
19.5808 0.261977
19.5908 0.261969
19.6008 0.261961
19.6108 0.261953
19.6208 0.261945
19.6308 0.261937
19.6408 0.261929
19.6508 0.261922
19.6608 0.261914
19.6708 0.261906
19.6808 0.261898
19.6908 0.26189
19.7008 0.261882
19.7108 0.261874
19.7208 0.261866
19.7308 0.261858
19.7408 0.26185
19.7508 0.261842
19.7608 0.261835
19.7708 0.261827
19.7808 0.261819
19.7908 0.261811
19.8008 0.261803
19.8108 0.261795
19.8208 0.261787
19.8308 0.261779
19.8408 0.261771
19.8508 0.261763
19.8608 0.261755
19.8708 0.261748
19.8807 0.26174
19.8907 0.261732
19.9007 0.261724
19.9107 0.261716
19.9207 0.261708
19.9307 0.2617
19.9407 0.261692
19.9507 0.261684
19.9607 0.261676
19.9707 0.261668
19.9807 0.261661
19.9907 0.261653
20.0007 0.261645
20.0107 0.261637
20.0207 0.261629
20.0307 0.261621
20.0407 0.261613
20.0507 0.261605
20.0607 0.261597
20.0707 0.261589
20.0807 0.261581
20.0907 0.261574
20.1007 0.261566
20.1107 0.261558
20.1207 0.26155
20.1307 0.261542
20.1407 0.261534
20.1507 0.261526
20.1607 0.261518
20.1707 0.26151
20.1807 0.261502
20.1907 0.261494
20.2007 0.261486
20.2107 0.261479
20.2207 0.261471
20.2307 0.261463
20.2407 0.261455
20.2507 0.261447
20.2607 0.261439
20.2707 0.261431
20.2807 0.261423
20.2907 0.261415
20.3007 0.261407
20.3107 0.261399
20.3207 0.261392
20.3307 0.261384
20.3407 0.261376
20.3507 0.261368
20.3607 0.26136
20.3707 0.261352
20.3806 0.261344
20.3906 0.261336
20.4006 0.261328
20.4106 0.26132
20.4206 0.261312
20.4306 0.261305
20.4406 0.261297
20.4506 0.261289
20.4606 0.261281
20.4706 0.261273
20.4806 0.261265
20.4906 0.261257
20.5006 0.261249
20.5106 0.261241
20.5206 0.261233
20.5306 0.261225
20.5406 0.262714
20.5506 0.264045
20.5606 0.265377
20.5706 0.266708
20.5806 0.268039
20.5906 0.26937
20.6006 0.270702
20.6106 0.272033
20.6206 0.273364
20.6306 0.274695
20.6406 0.276026
20.6506 0.277358
20.6606 0.278689
20.6706 0.28002
20.6806 0.281351
20.6906 0.282682
20.7006 0.284014
20.7106 0.285345
20.7206 0.286676
20.7306 0.288007
20.7406 0.289338
20.7506 0.29067
20.7606 0.292001
20.7706 0.293332
20.7806 0.294663
20.7906 0.295994
20.8006 0.297326
20.8106 0.298657
20.8206 0.299988
20.8306 0.301319
20.8406 0.30265
20.8506 0.303982
20.8606 0.305313
20.8706 0.306644
20.8806 0.307975
20.8905 0.309307
20.9005 0.310638
20.9105 0.311969
20.9205 0.3133
20.9305 0.314631
20.9405 0.315963
20.9505 0.317294
20.9605 0.318625
20.9705 0.319956
20.9805 0.321287
20.9905 0.322619
21.0005 0.32395
21.0105 0.325281
21.0205 0.326612
21.0305 0.327943
21.0405 0.329275
21.0505 0.330606
21.0605 0.331937
21.0705 0.333268
21.0805 0.334599
21.0905 0.335931
21.1005 0.337262
21.1105 0.338593
21.1205 0.339924
21.1305 0.341256
21.1405 0.342587
21.1505 0.343918
21.1605 0.345249
21.1705 0.34658
21.1805 0.347912
21.1905 0.349243
21.2005 0.350574
21.2105 0.351905
21.2205 0.352136
21.2305 0.352943
21.2405 0.353749
21.2505 0.354555
21.2605 0.355362
21.2705 0.356168
21.2805 0.356975
21.2905 0.357781
21.3005 0.358588
21.3105 0.359394
21.3205 0.360201
21.3305 0.361007
21.3405 0.361814
21.3505 0.36262
21.3605 0.363426
21.3705 0.364233
21.3805 0.365039
21.3905 0.365846
21.4004 0.366652
21.4104 0.367459
21.4204 0.368265
21.4304 0.369072
21.4404 0.369878
21.4504 0.370685
21.4604 0.371491
21.4704 0.372298
21.4804 0.373104
21.4904 0.37391
21.5004 0.374717
21.5104 0.375523
21.5204 0.37633
21.5304 0.377136
21.5404 0.377943
21.5504 0.378749
21.5604 0.379556
21.5704 0.380362
21.5804 0.381169
21.5904 0.381975
21.6004 0.382782
21.6104 0.383588
21.6204 0.384394
21.6304 0.385201
21.6404 0.386007
21.6504 0.386814
21.6604 0.38762
21.6704 0.388427
21.6804 0.391436
21.6904 0.393893
21.7004 0.39635
21.7104 0.398808
21.7204 0.401265
21.7304 0.403723
21.7404 0.40618
21.7504 0.408637
21.7604 0.411095
21.7704 0.413552
21.7804 0.41601
21.7904 0.418467
21.8004 0.420924
21.8104 0.423382
21.8204 0.425839
21.8304 0.428297
21.8404 0.430754
21.8504 0.433211
21.8604 0.435669
21.8704 0.438126
21.8804 0.440584
21.8904 0.443041
21.9003 0.445498
21.9103 0.447956
21.9203 0.450413
21.9303 0.452871
21.9403 0.455328
21.9503 0.457785
21.9603 0.460243
21.9703 0.462651
21.9803 0.46533
21.9903 0.46801
22.0003 0.470689
22.0103 0.473368
22.0203 0.476048
22.0303 0.478727
22.0403 0.481407
22.0503 0.484086
22.0603 0.486766
22.0703 0.489445
22.0803 0.492125
22.0903 0.494804
22.1003 0.497484
22.1103 0.500163
22.1203 0.502842
22.1303 0.505522
22.1403 0.508201
22.1503 0.510881
22.1603 0.51356
22.1703 0.51624
22.1803 0.518919
22.1903 0.521599
22.2003 0.524278
22.2103 0.526957
22.2203 0.529637
22.2303 0.532316
22.2403 0.534996
22.2503 0.537675
22.2603 0.540355
22.2703 0.543034
22.2803 0.545714
22.2903 0.548393
22.3003 0.551072
22.3103 0.553752
22.3203 0.556431
22.3303 0.559111
22.3403 0.56179
22.3503 0.56447
22.3603 0.567149
22.3703 0.569829
22.3803 0.572508
22.3903 0.575187
22.4003 0.577867
22.4102 0.580546
22.4202 0.583226
22.4302 0.585905
22.4402 0.588585
22.4502 0.591264
22.4602 0.593944
22.4702 0.596623
22.4802 0.599302
22.4902 0.601982
22.5002 0.604661
22.5102 0.607341
22.5202 0.61002
22.5302 0.6127
22.5402 0.615379
22.5502 0.618059
22.5602 0.620738
22.5702 0.623417
22.5802 0.626097
22.5902 0.628776
22.6002 0.631456
22.6102 0.634135
22.6202 0.636815
22.6302 0.639494
22.6402 0.642174
22.6502 0.644853
22.6602 0.647532
22.6702 0.650212
22.6802 0.652891
22.6902 0.655571
22.7002 0.65825
22.7102 0.66093
22.7202 0.663609
22.7302 0.666289
22.7402 0.668968
22.7502 0.671647
22.7602 0.674327
22.7702 0.677006
22.7802 0.679686
22.7902 0.682365
22.8002 0.685045
22.8102 0.687724
22.8202 0.690404
22.8302 0.693083
22.8402 0.695762
22.8502 0.698442
22.8602 0.701121
22.8702 0.703801
22.8802 0.70648
22.8902 0.70916
22.9002 0.711839
22.9101 0.714519
22.9201 0.717198
22.9301 0.719877
22.9401 0.722557
22.9501 0.725236
22.9601 0.727916
22.9701 0.730595
22.9801 0.733275
22.9901 0.735954
23.0001 0.738634
23.0101 0.741313
23.0201 0.743992
23.0301 0.746672
23.0401 0.749351
23.0501 0.752031
23.0601 0.75471
23.0701 0.75739
23.0801 0.760069
23.0901 0.762749
23.1001 0.765428
23.1101 0.768107
23.1201 0.770787
23.1301 0.773466
23.1401 0.776146
23.1501 0.778825
23.1601 0.781505
23.1701 0.784184
23.1801 0.786864
23.1901 0.789543
23.2001 0.792222
23.2101 0.794902
23.2201 0.797581
23.2301 0.800261
23.2401 0.80294
23.2501 0.80562
23.2601 0.808299
23.2701 0.810979
23.2801 0.813658
23.2901 0.816338
23.3001 0.819017
23.3101 0.821696
23.3201 0.824376
23.3301 0.827055
23.3401 0.829735
23.3501 0.832414
23.3601 0.835094
23.3701 0.837773
23.3801 0.840453
23.3901 0.843132
23.4001 0.845811
23.4101 0.848491
23.42 0.85117
23.43 0.85385
23.44 0.856529
23.45 0.859209
23.46 0.861888
23.47 0.864568
23.48 0.867247
23.49 0.869926
23.5 0.872606
23.51 0.875285
23.52 0.877965
23.53 0.880644
23.54 0.883324
23.55 0.886003
23.56 0.888683
23.57 0.891362
23.58 0.894041
23.59 0.896721
23.6 0.8994
23.61 0.90208
23.62 0.904759
23.63 0.907439
23.64 0.910118
23.65 0.912798
23.66 0.915477
23.67 0.918001
23.68 0.920526
23.69 0.92305
23.7 0.925574
23.71 0.928099
23.72 0.930623
23.73 0.933148
23.74 0.935672
23.75 0.938196
23.76 0.940721
23.77 0.943245
23.78 0.94577
23.79 0.948294
23.8 0.950818
23.81 0.953343
23.82 0.955867
23.83 0.958391
23.84 0.960916
23.85 0.96344
23.86 0.965965
23.87 0.968489
23.88 0.971013
23.89 0.973538
23.9 0.976062
23.91 0.978586
23.92 0.981111
23.93 0.983635
23.94 0.98616
23.95 0.988684
23.96 0.991208
23.97 0.993733
23.98 0.996257
23.99 0.998781
24 1.00131
24.01 1.00383
24.02 1.00635
24.03 1.00888
24.04 1.0114
24.05 1.01393
24.06 1.01645
24.07 1.01898
24.08 1.0215
24.0901 1.02403
24.1001 1.02655
24.1101 1.02907
24.1201 1.0316
24.1301 1.03412
24.1401 1.03665
24.1501 1.03917
24.1601 1.0417
24.1701 1.04422
24.1801 1.04674
24.1901 1.04927
24.2001 1.05179
24.2101 1.05432
24.2201 1.05684
24.2301 1.05937
24.2401 1.06189
24.2501 1.06442
24.2601 1.06694
24.2701 1.06946
24.2801 1.07199
24.2901 1.07451
24.3001 1.07704
24.3101 1.07956
24.3201 1.08209
24.3301 1.08461
24.3401 1.08713
24.3501 1.08966
24.3601 1.09218
24.3701 1.09471
24.3801 1.09723
24.3901 1.09976
24.4001 1.10228
24.4101 1.10481
24.4201 1.10733
24.4301 1.10985
24.4401 1.11238
24.4501 1.1149
24.4601 1.11743
24.4701 1.11995
24.4801 1.12248
24.4901 1.125
24.5001 1.12752
24.5101 1.13005
24.5201 1.13257
24.5301 1.1351
24.5401 1.13762
24.5501 1.14015
24.5601 1.14267
24.5701 1.1452
24.5801 1.14772
24.5901 1.15024
24.6001 1.15277
24.6101 1.15529
24.6201 1.15782
24.6301 1.16034
24.6401 1.16287
24.6501 1.16539
24.6601 1.16791
24.6701 1.17044
24.6801 1.17296
24.6901 1.17549
24.7001 1.17801
24.7101 1.18054
24.7201 1.18306
24.7301 1.18559
24.7401 1.18811
24.7501 1.19063
24.7601 1.19316
24.7701 1.19568
24.7801 1.19821
24.7901 1.20073
24.8001 1.20326
24.8101 1.20578
24.8201 1.2083
24.8301 1.21083
24.8401 1.21335
24.8501 1.21588
24.8601 1.2184
24.8701 1.22093
24.8801 1.22345
24.8901 1.22598
24.9001 1.2285
24.9101 1.23102
24.9201 1.23355
24.9301 1.23607
24.9401 1.2386
24.9501 1.24112
24.9601 1.24365
24.9701 1.24617
24.9802 1.24869
24.9902 1.25122
25.0002 1.25374
25.0102 1.25627
25.0202 1.25879
25.0302 1.26132
25.0402 1.26384
25.0502 1.26637
25.0602 1.26889
25.0702 1.27141
25.0802 1.27394
25.0902 1.27646
25.1002 1.27899
25.1102 1.28151
25.1202 1.28404
25.1302 1.28656
25.1402 1.28908
25.1502 1.29161
25.1602 1.29413
25.1702 1.29666
25.1802 1.29918
25.1902 1.30171
25.2002 1.30423
25.2102 1.30676
25.2202 1.30928
25.2302 1.3118
25.2402 1.31433
25.2502 1.31685
25.2602 1.31938
25.2702 1.3219
25.2802 1.32443
25.2902 1.32695
25.3002 1.32947
25.3102 1.332
25.3202 1.33452
25.3302 1.33705
25.3402 1.33957
25.3502 1.3421
25.3602 1.34462
25.3702 1.34715
25.3802 1.34967
25.3902 1.35219
25.4002 1.35472
25.4102 1.35724
25.4202 1.35977
25.4302 1.36229
25.4402 1.36482
25.4502 1.36734
25.4602 1.36986
25.4702 1.37239
25.4802 1.37491
25.4902 1.37744
25.5002 1.37996
25.5102 1.38249
25.5202 1.38501
25.5302 1.38754
25.5402 1.39006
25.5502 1.39258
25.5602 1.39511
25.5702 1.39763
25.5802 1.40016
25.5902 1.40268
25.6002 1.40521
25.6102 1.40773
25.6202 1.41025
25.6302 1.41278
25.6402 1.4153
25.6502 1.41783
25.6602 1.42035
25.6702 1.42288
25.6802 1.4254
25.6902 1.42793
25.7002 1.43045
25.7102 1.43297
25.7202 1.4355
25.7302 1.43802
25.7402 1.44055
25.7502 1.44307
25.7602 1.4456
25.7702 1.44812
25.7802 1.45064
25.7902 1.45317
25.8002 1.45569
25.8102 1.45822
25.8202 1.46074
25.8302 1.46327
25.8402 1.46579
25.8502 1.46832
25.8602 1.47084
25.8703 1.47336
25.8803 1.47589
25.8903 1.47841
25.9003 1.48094
25.9103 1.48346
25.9203 1.48599
25.9303 1.48851
25.9403 1.49104
25.9503 1.49356
25.9603 1.49608
25.9703 1.49861
25.9803 1.50113
25.9903 1.50366
26.0003 1.50618
26.0103 1.50871
26.0203 1.51123
26.0303 1.51375
26.0403 1.51628
26.0503 1.5188
26.0603 1.52133
26.0703 1.52385
26.0803 1.52638
26.0903 1.5289
26.1003 1.53143
26.1103 1.53395
26.1203 1.53647
26.1303 1.539
26.1403 1.54152
26.1503 1.54405
26.1603 1.54657
26.1703 1.5491
26.1803 1.55162
26.1903 1.55414
26.2003 1.55667
26.2103 1.55919
26.2203 1.56172
26.2303 1.56424
26.2403 1.56677
26.2503 1.56929
26.2603 1.57182
26.2703 1.57434
26.2803 1.57686
26.2903 1.57939
26.3003 1.58191
26.3103 1.58444
26.3203 1.58696
26.3303 1.58949
26.3403 1.59201
26.3503 1.59453
26.3603 1.59706
26.3703 1.59958
26.3803 1.60211
26.3903 1.60463
26.4003 1.60716
26.4103 1.60968
26.4203 1.61221
26.4303 1.61473
26.4403 1.61725
26.4503 1.61978
26.4603 1.6223
26.4703 1.62483
26.4803 1.62735
26.4903 1.62988
26.5003 1.6324
26.5103 1.63492
26.5203 1.63745
26.5303 1.63997
26.5403 1.6425
26.5503 1.64502
26.5603 1.64755
26.5703 1.65007
26.5803 1.6526
26.5903 1.65512
26.6003 1.65764
26.6103 1.66017
26.6203 1.66269
26.6303 1.66522
26.6403 1.66774
26.6503 1.67027
26.6603 1.67279
26.6703 1.67531
26.6803 1.67784
26.6903 1.68036
26.7003 1.68289
26.7103 1.68541
26.7203 1.68794
26.7303 1.69046
26.7403 1.69299
26.7503 1.69551
26.7604 1.69803
26.7704 1.70056
26.7804 1.70308
26.7904 1.70561
26.8004 1.70813
26.8104 1.71066
26.8204 1.71318
26.8304 1.7157
26.8404 1.71823
26.8504 1.72075
26.8604 1.72328
26.8704 1.7258
26.8804 1.72833
26.8904 1.73085
26.9004 1.73338
26.9104 1.7359
26.9204 1.73842
26.9304 1.74095
26.9404 1.74347
26.9504 1.746
26.9604 1.74852
26.9704 1.75105
26.9804 1.75357
26.9904 1.75609
27.0004 1.75862
27.0104 1.76114
27.0204 1.76367
27.0304 1.76619
27.0404 1.76872
27.0504 1.77124
27.0604 1.77377
27.0704 1.77629
27.0804 1.77881
27.0904 1.78134
27.1004 1.78386
27.1104 1.78639
27.1204 1.78891
27.1304 1.79144
27.1404 1.79396
27.1504 1.79648
27.1604 1.79901
27.1704 1.80153
27.1804 1.80406
27.1904 1.80658
27.2004 1.80911
27.2104 1.81163
27.2204 1.81416
27.2304 1.81668
27.2404 1.8192
27.2504 1.82173
27.2604 1.82425
27.2704 1.82678
27.2804 1.8293
27.2904 1.83183
27.3004 1.83435
27.3104 1.83687
27.3204 1.8394
27.3304 1.84192
27.3404 1.84445
27.3504 1.84697
27.3604 1.8495
27.3704 1.85202
27.3804 1.85455
27.3904 1.85707
27.4004 1.85959
27.4104 1.86212
27.4204 1.86464
27.4304 1.86717
27.4404 1.86969
27.4504 1.87222
27.4604 1.87474
27.4704 1.87726
27.4804 1.87979
27.4904 1.88231
27.5004 1.88484
27.5104 1.88736
27.5204 1.88989
27.5304 1.89241
27.5404 1.89494
27.5504 1.89746
27.5604 1.89998
27.5704 1.90251
27.5804 1.90503
27.5904 1.90756
27.6004 1.91008
27.6104 1.91261
27.6204 1.91513
27.6304 1.91765
27.6404 1.92018
27.6505 1.9227
27.6605 1.92523
27.6705 1.92775
27.6805 1.93028
27.6905 1.9328
27.7005 1.93533
27.7105 1.93785
27.7205 1.94037
27.7305 1.9429
27.7405 1.94542
27.7505 1.94795
27.7605 1.95047
27.7705 1.953
27.7805 1.95552
27.7905 1.95804
27.8005 1.96057
27.8105 1.96309
27.8205 1.96562
27.8305 1.96814
27.8405 1.97067
27.8505 1.97319
27.8605 1.97572
27.8705 1.97824
27.8805 1.98076
27.8905 1.98329
27.9005 1.98581
27.9105 1.98834
27.9205 1.99086
27.9305 1.99339
27.9405 1.99591
27.9505 1.99843
27.9605 2.00096
27.9705 2.00348
27.9805 2.00601
27.9905 2.00853
28.0005 2.01106
28.0105 2.01358
28.0205 2.01611
28.0305 2.01863
28.0405 2.02115
28.0505 2.02368
28.0605 2.0262
28.0705 2.02873
28.0805 2.03125
28.0905 2.03378
28.1005 2.0363
28.1105 2.03882
28.1205 2.04135
28.1305 2.04387
28.1405 2.0464
28.1505 2.04892
28.1605 2.05145
