#########################################################################
:FileType xy  ASCII  EnSim 1.0
# Canadian Hydraulics Centre/National Research Council (c) 1998-2012
# DataType                 XY DataObject
#
:Application              BlueKenue
:Version                  3.3.4
:WrittenBy                sebastian
:CreationDate             Sun, Jul 30, 2023 12:28 PM
#
#------------------------------------------------------------------------
#
:AttributeName  1 
:AttributeUnits 1 m
:AttributeName  2 
:AttributeUnits 2 
:EndHeader
0 0.949998
0.0999994 0.949798
0.199999 0.949598
0.299998 0.949398
0.399998 0.949198
0.499997 0.948998
0.599997 0.948798
0.699996 0.948598
0.799996 0.948398
0.899995 0.948198
0.999994 0.947998
1.09999 0.947798
1.19999 0.947598
1.29999 0.947398
1.39999 0.947198
1.49999 0.946998
1.59999 0.946798
1.69999 0.946598
1.79999 0.946398
1.89999 0.946198
1.99999 0.945998
2.09999 0.945798
2.19999 0.945598
2.29999 0.945398
2.39999 0.945198
2.49999 0.944998
2.59999 0.944798
2.69998 0.944598
2.79998 0.944398
2.89998 0.944198
2.99998 0.943998
3.09998 0.943798
3.19998 0.943598
3.29998 0.943398
3.39998 0.943198
3.49998 0.942998
3.59998 0.942798
3.69998 0.942598
3.79998 0.942398
3.89998 0.942198
3.99998 0.941998
4.09998 0.941798
4.19998 0.941598
4.29998 0.941398
4.39998 0.941198
4.49997 0.940998
4.59997 0.940798
4.69997 0.940598
4.79997 0.940398
4.89997 0.940198
4.99997 0.939998
5.09997 0.939798
5.19997 0.939598
5.29997 0.939398
5.39997 0.939198
5.49997 0.938998
5.59997 0.938798
5.69997 0.938598
5.79997 0.938398
5.89997 0.938198
5.99997 0.937998
6.09997 0.937798
6.19997 0.937598
6.29996 0.937398
6.39996 0.937198
6.49996 0.936998
6.59996 0.936798
6.69996 0.936598
6.79996 0.936398
6.89996 0.936198
6.99996 0.935998
7.09996 0.935798
7.19996 0.935598
7.29996 0.935398
7.39996 0.935198
7.49996 0.934998
7.59996 0.934798
7.69996 0.934598
7.79996 0.934398
7.89996 0.934198
7.99996 0.933998
8.09995 0.933798
8.19995 0.933598
8.29995 0.933398
8.39995 0.933198
8.49995 0.932998
8.59995 0.932798
8.69995 0.932598
8.79995 0.932398
8.89995 0.932198
8.99995 0.931998
9.09995 0.931798
9.19995 0.931598
9.29995 0.931398
9.39995 0.931198
9.49995 0.930998
9.59995 0.930798
9.69995 0.930598
9.79995 0.930398
9.89994 0.930198
9.99994 0.929998
10.0999 0.929798
10.1999 0.929598
10.2999 0.929398
10.3999 0.929198
10.4999 0.928998
10.5999 0.928798
10.6999 0.928598
10.7999 0.928398
10.8999 0.928198
10.9999 0.927998
11.0999 0.927798
11.1999 0.927598
11.2999 0.927398
11.3999 0.927198
11.4999 0.926998
11.5999 0.926798
11.6999 0.926598
11.7999 0.926398
11.8999 0.926198
11.9999 0.925998
12.0999 0.925798
12.1999 0.925598
12.2999 0.925398
12.3999 0.925198
12.4999 0.924998
12.5999 0.924798
12.6999 0.924598
12.7999 0.924398
12.8999 0.924198
12.9999 0.923998
13.0999 0.923798
13.1999 0.923598
13.2999 0.923398
13.3999 0.923198
13.4999 0.922998
13.5999 0.922798
13.6999 0.922598
13.7999 0.922398
13.8999 0.922198
13.9999 0.921998
14.0999 0.921798
14.1999 0.921598
14.2999 0.921398
14.3999 0.921198
14.4999 0.920998
14.5999 0.920798
14.6999 0.920598
14.7999 0.920398
14.8999 0.920198
14.9999 0.919998
15.0999 0.919798
15.1999 0.919598
15.2999 0.919398
15.3999 0.919198
15.4999 0.918998
15.5999 0.918798
15.6999 0.918598
15.7999 0.918398
15.8999 0.918198
15.9999 0.917998
16.0999 0.917798
16.1999 0.917598
16.2999 0.917398
16.3999 0.917198
16.4999 0.916998
16.5999 0.916798
16.6999 0.916598
16.7999 0.916398
16.8999 0.916198
16.9999 0.915998
17.0999 0.915798
17.1999 0.915598
17.2999 0.915398
17.3999 0.915198
17.4999 0.914998
17.5999 0.914798
17.6999 0.914598
17.7999 0.914398
17.8999 0.914198
17.9999 0.913998
18.0999 0.913798
18.1999 0.913598
18.2999 0.913398
18.3999 0.913198
18.4999 0.912998
18.5999 0.912798
18.6999 0.912598
18.7999 0.912398
18.8999 0.912198
18.9999 0.911998
19.0999 0.911798
19.1999 0.911598
19.2999 0.911398
19.3999 0.911198
19.4999 0.910998
19.5999 0.910798
19.6999 0.910598
19.7999 0.910398
19.8999 0.910198
19.9999 0.909998
20.0999 0.909798
20.1999 0.909598
20.2999 0.909398
20.3999 0.909198
20.4999 0.908998
20.5999 0.908798
20.6999 0.908598
20.7999 0.908398
20.8999 0.908198
20.9999 0.907998
21.0999 0.907798
21.1999 0.907598
21.2999 0.907398
21.3999 0.907198
21.4999 0.906998
21.5999 0.906798
21.6999 0.906598
21.7999 0.906398
21.8999 0.906198
21.9999 0.905998
22.0999 0.905798
22.1999 0.905598
22.2999 0.905398
22.3999 0.905198
22.4999 0.904998
22.5999 0.904798
22.6999 0.904598
22.7999 0.904398
22.8999 0.904198
22.9999 0.903998
23.0999 0.903798
23.1999 0.903598
23.2999 0.903398
23.3999 0.903198
23.4999 0.902998
23.5999 0.902798
23.6999 0.902598
23.7999 0.902398
23.8999 0.902198
23.9999 0.901998
24.0999 0.901798
24.1999 0.901598
24.2999 0.901398
24.3999 0.901198
24.4999 0.900998
24.5999 0.900798
24.6999 0.900598
24.7999 0.900398
24.8999 0.900198
24.9999 0.899998
25.0999 0.899798
25.1999 0.899598
25.2999 0.899398
25.3999 0.899198
25.4999 0.898998
25.5999 0.898798
25.6999 0.898598
25.7999 0.898398
25.8999 0.898198
25.9999 0.897998
26.0999 0.897798
26.1999 0.897598
26.2999 0.897398
26.3999 0.897198
26.4999 0.896998
26.5999 0.896798
26.6999 0.896598
26.7999 0.896398
26.8999 0.896198
26.9998 0.895998
27.0998 0.895798
27.1998 0.895598
27.2998 0.895398
27.3998 0.895198
27.4998 0.894998
27.5998 0.894798
27.6998 0.894598
27.7998 0.894398
27.8998 0.894198
27.9998 0.893998
28.0998 0.893798
28.1998 0.893598
28.2998 0.893398
28.3998 0.893198
28.4998 0.892998
28.5998 0.892798
28.6998 0.892598
28.7998 0.892398
28.8998 0.892198
28.9998 0.891998
29.0998 0.891798
29.1998 0.891598
29.2998 0.891398
29.3998 0.891198
29.4998 0.890998
29.5998 0.890798
29.6998 0.890598
29.7998 0.890398
29.8998 0.890198
29.9998 0.889998
30.0998 0.889798
30.1998 0.889598
30.2998 0.889398
30.3998 0.889198
30.4998 0.888998
30.5998 0.888798
30.6998 0.888598
30.7998 0.888398
30.8998 0.888198
30.9998 0.887998
31.0998 0.887798
31.1998 0.887598
31.2998 0.887398
31.3998 0.887198
31.4998 0.886998
31.5998 0.886798
31.6998 0.886598
31.7998 0.886398
31.8998 0.886198
31.9998 0.885998
32.0998 0.885798
32.1998 0.885598
32.2998 0.885398
32.3998 0.885198
32.4998 0.884998
32.5998 0.884798
32.6998 0.884598
32.7998 0.884398
32.8998 0.884198
32.9998 0.883998
33.0998 0.883798
33.1998 0.883598
33.2998 0.883398
33.3998 0.883198
33.4998 0.882998
33.5998 0.882798
33.6998 0.882598
33.7998 0.882398
33.8998 0.882198
33.9998 0.881998
34.0998 0.881798
34.1998 0.881598
34.2998 0.881398
34.3998 0.881198
34.4998 0.880998
34.5998 0.880798
34.6998 0.880598
34.7998 0.880398
34.8998 0.880198
34.9998 0.879998
35.0998 0.879798
35.1998 0.879598
35.2998 0.879398
35.3998 0.879198
35.4998 0.878998
35.5998 0.878798
35.6998 0.878598
35.7998 0.878398
35.8998 0.878198
35.9998 0.877998
36.0998 0.877798
36.1998 0.877598
36.2998 0.877398
36.3998 0.877198
36.4998 0.876998
36.5998 0.876798
36.6998 0.876598
36.7998 0.876398
36.8998 0.876198
36.9998 0.875998
37.0998 0.875798
37.1998 0.875598
37.2998 0.875398
37.3998 0.875198
37.4998 0.874998
37.5998 0.874798
37.6998 0.874598
37.7998 0.874398
37.8998 0.874198
37.9998 0.873998
38.0998 0.873798
38.1998 0.873598
38.2998 0.873398
38.3998 0.873198
38.4998 0.872998
38.5998 0.872798
38.6998 0.872598
38.7998 0.872398
38.8998 0.872198
38.9998 0.871998
39.0998 0.871798
39.1998 0.871598
39.2998 0.871398
39.3998 0.871198
39.4998 0.870998
39.5998 0.870798
39.6998 0.870598
39.7998 0.870398
39.8998 0.870198
39.9998 0.869998
40.0998 0.869798
40.1998 0.869598
40.2998 0.869398
40.3998 0.869198
40.4998 0.868998
40.5998 0.868798
40.6998 0.868598
40.7998 0.868398
40.8998 0.868198
40.9998 0.867998
41.0998 0.867798
41.1998 0.867598
41.2998 0.867398
41.3998 0.867198
41.4998 0.866998
41.5998 0.866798
41.6998 0.866598
41.7998 0.866398
41.8998 0.866198
41.9998 0.865998
42.0998 0.865798
42.1998 0.865598
42.2998 0.865398
42.3998 0.865198
42.4998 0.864998
42.5998 0.864798
42.6998 0.864598
42.7998 0.864398
42.8998 0.864198
42.9998 0.863998
43.0998 0.863798
43.1998 0.863598
43.2998 0.863398
43.3998 0.863198
43.4998 0.862998
43.5998 0.862799
43.6998 0.862599
43.7998 0.862399
43.8998 0.862199
43.9998 0.861999
44.0998 0.861799
44.1998 0.861599
44.2998 0.861399
44.3998 0.861199
44.4998 0.860999
44.5998 0.860799
44.6998 0.860599
44.7998 0.860399
44.8998 0.860199
44.9998 0.859999
45.0997 0.859799
45.1997 0.859599
45.2997 0.859399
45.3997 0.859199
45.4997 0.858999
45.5997 0.858799
45.6997 0.858599
45.7997 0.858399
45.8997 0.858199
45.9997 0.857999
46.0997 0.857799
46.1997 0.857599
46.2997 0.857399
46.3997 0.857199
46.4997 0.856999
46.5997 0.856799
46.6997 0.856599
46.7997 0.856399
46.8997 0.856199
46.9997 0.855999
47.0997 0.855799
47.1997 0.855599
47.2997 0.855399
47.3997 0.855199
47.4997 0.854999
47.5997 0.854799
47.6997 0.854599
47.7997 0.854399
47.8997 0.854199
47.9997 0.853999
48.0997 0.853799
48.1997 0.853599
48.2997 0.853399
48.3997 0.853199
48.4997 0.852999
48.5997 0.852799
48.6997 0.852599
48.7997 0.852399
48.8997 0.852199
48.9997 0.851999
49.0997 0.851799
49.1997 0.851599
49.2997 0.851399
49.3997 0.851199
49.4997 0.850999
49.5997 0.850799
49.6997 0.850599
49.7997 0.850399
49.8997 0.850199
49.9997 0.849999
50.0997 0.849799
50.1997 0.849599
50.2997 0.849399
50.3997 0.849199
50.4997 0.848999
50.5997 0.848799
50.6997 0.848599
50.7997 0.848399
50.8997 0.848199
50.9997 0.847999
51.0997 0.847799
51.1997 0.847599
51.2997 0.847399
51.3997 0.847199
51.4997 0.846999
51.5997 0.846799
51.6997 0.846599
51.7997 0.846399
51.8997 0.846199
51.9997 0.845999
52.0997 0.845799
52.1997 0.845599
52.2997 0.845399
52.3997 0.845199
52.4997 0.844999
52.5997 0.844799
52.6997 0.844599
52.7997 0.844399
52.8997 0.844199
52.9997 0.843999
53.0997 0.843799
53.1997 0.843599
53.2997 0.843399
53.3997 0.843199
53.4997 0.842999
53.5997 0.842799
53.6997 0.842599
53.7997 0.842399
53.8997 0.842199
53.9997 0.841999
54.0997 0.841799
54.1997 0.841599
54.2997 0.841399
54.3997 0.841199
54.4997 0.840999
54.5997 0.840799
54.6997 0.840599
54.7997 0.840399
54.8997 0.840199
54.9997 0.839999
55.0997 0.839799
55.1997 0.839599
55.2997 0.839399
55.3997 0.839199
55.4997 0.838999
55.5997 0.838799
55.6997 0.838599
55.7997 0.838399
55.8997 0.838199
55.9997 0.837999
56.0997 0.837799
56.1997 0.837599
56.2997 0.837399
56.3997 0.837199
56.4997 0.836999
56.5997 0.836799
56.6997 0.836599
56.7997 0.836399
56.8997 0.836199
56.9997 0.835999
57.0997 0.835799
57.1997 0.835599
57.2997 0.835399
57.3997 0.835199
57.4997 0.834999
57.5997 0.834799
57.6997 0.834599
57.7997 0.834399
57.8997 0.834199
57.9997 0.833999
58.0997 0.833799
58.1997 0.833599
58.2997 0.833399
58.3997 0.833199
58.4997 0.832999
58.5997 0.832799
58.6997 0.832599
58.7997 0.832399
58.8997 0.832199
58.9997 0.831999
59.0997 0.831799
59.1997 0.831599
59.2997 0.831399
59.3997 0.831199
59.4997 0.830999
59.5997 0.830799
59.6997 0.830599
59.7997 0.830399
59.8997 0.830199
59.9997 0.829999
60.0997 0.829799
60.1997 0.829599
60.2997 0.829399
60.3997 0.829199
60.4997 0.828999
60.5997 0.828799
60.6997 0.828599
60.7997 0.828399
60.8997 0.828199
60.9997 0.827999
61.0997 0.827799
61.1997 0.827599
61.2997 0.827399
61.3997 0.827199
61.4997 0.826999
61.5997 0.826799
61.6997 0.826599
61.7997 0.826399
61.8997 0.826199
61.9997 0.825999
62.0997 0.825799
62.1997 0.825599
62.2997 0.825399
62.3997 0.825199
62.4997 0.824999
62.5997 0.824799
62.6997 0.824599
62.7997 0.824399
62.8997 0.824199
62.9996 0.823999
63.0996 0.823799
63.1996 0.823599
63.2996 0.823399
63.3996 0.823199
63.4996 0.822999
63.5996 0.822799
63.6996 0.822599
63.7996 0.822399
63.8996 0.822199
63.9996 0.821999
64.0996 0.821799
64.1996 0.821599
64.2996 0.821399
64.3996 0.821199
64.4996 0.820999
64.5996 0.820799
64.6996 0.820599
64.7996 0.820399
64.8996 0.820199
64.9996 0.819999
65.0996 0.819799
65.1996 0.819599
65.2996 0.819399
65.3996 0.819199
65.4996 0.818999
65.5996 0.818799
65.6996 0.818599
65.7996 0.818399
65.8996 0.818199
65.9996 0.817999
66.0996 0.817799
66.1996 0.817599
66.2996 0.817399
66.3996 0.817199
66.4996 0.816999
66.5996 0.816799
66.6996 0.816599
66.7996 0.816399
66.8996 0.816199
66.9996 0.815999
67.0996 0.815799
67.1996 0.815599
67.2996 0.815399
67.3996 0.815199
67.4996 0.814999
67.5996 0.814799
67.6996 0.814599
67.7996 0.814399
67.8996 0.814199
67.9996 0.813999
68.0996 0.813799
68.1996 0.813599
68.2996 0.813399
68.3996 0.813199
68.4996 0.812999
68.5996 0.812799
68.6996 0.812599
68.7996 0.812399
68.8996 0.812199
68.9996 0.811999
69.0996 0.811799
69.1996 0.811599
69.2996 0.811399
69.3996 0.811199
69.4996 0.810999
69.5996 0.810799
69.6996 0.810599
69.7996 0.810399
69.8996 0.810199
69.9996 0.809999
70.0996 0.809799
70.1996 0.809599
70.2996 0.809399
70.3996 0.809199
70.4996 0.808999
70.5996 0.808799
70.6996 0.808599
70.7996 0.808399
70.8996 0.808199
70.9996 0.807999
71.0996 0.807799
71.1996 0.807599
71.2996 0.807399
71.3996 0.807199
71.4996 0.806999
71.5996 0.806799
71.6996 0.806599
71.7996 0.806399
71.8996 0.806199
71.9996 0.805999
72.0996 0.805799
72.1996 0.805599
72.2996 0.805399
72.3996 0.805199
72.4996 0.804999
72.5996 0.804799
72.6996 0.804599
72.7996 0.804399
72.8996 0.804199
72.9996 0.803999
73.0996 0.803799
73.1996 0.803599
73.2996 0.803399
73.3996 0.803199
73.4996 0.802999
73.5996 0.802799
73.6996 0.802599
73.7996 0.802399
73.8996 0.802199
73.9996 0.801999
74.0996 0.801799
74.1996 0.801599
74.2996 0.801399
74.3996 0.801199
74.4996 0.800999
74.5996 0.800799
74.6996 0.800599
74.7996 0.800399
74.8996 0.800199
74.9996 0.799999
75.0996 0.799799
75.1996 0.799599
75.2996 0.799399
75.3996 0.799199
75.4996 0.798999
75.5996 0.798799
75.6996 0.798599
75.7996 0.798399
75.8996 0.798199
75.9996 0.797999
76.0996 0.797799
76.1996 0.797599
76.2996 0.797399
76.3996 0.797199
76.4996 0.796999
76.5996 0.796799
76.6996 0.796599
76.7996 0.796399
76.8996 0.796199
76.9996 0.795999
77.0996 0.795799
77.1996 0.795599
77.2996 0.795399
77.3996 0.795199
77.4996 0.794999
77.5996 0.794799
77.6996 0.794599
77.7996 0.794399
77.8996 0.794199
77.9996 0.793999
78.0996 0.793799
78.1996 0.793599
78.2996 0.793399
78.3996 0.793199
78.4996 0.792999
78.5996 0.792799
78.6996 0.792599
78.7996 0.792399
78.8996 0.792199
78.9996 0.791999
79.0996 0.791799
79.1996 0.791599
79.2996 0.791399
79.3996 0.791199
79.4996 0.790999
79.5996 0.790799
79.6996 0.790599
79.7996 0.790399
79.8996 0.790199
79.9996 0.789999
80.0996 0.789799
80.1996 0.789599
80.2996 0.789399
80.3996 0.789199
80.4996 0.788999
80.5996 0.788799
80.6996 0.788599
80.7996 0.788399
80.8996 0.788199
80.9996 0.787999
81.0995 0.787799
81.1995 0.787599
81.2995 0.787399
81.3995 0.787199
81.4995 0.786999
81.5995 0.786799
81.6995 0.786599
81.7995 0.786399
81.8995 0.786199
81.9995 0.785999
82.0995 0.785799
82.1995 0.785599
82.2995 0.785399
82.3995 0.785199
82.4995 0.784999
82.5995 0.784799
82.6995 0.784599
82.7995 0.784399
82.8995 0.784199
82.9995 0.783999
83.0995 0.783799
83.1995 0.783599
83.2995 0.783399
83.3995 0.783199
83.4995 0.782999
83.5995 0.782799
83.6995 0.782599
83.7995 0.782399
83.8995 0.782199
83.9995 0.781999
84.0995 0.781799
84.1995 0.781599
84.2995 0.781399
84.3995 0.781199
84.4995 0.780999
84.5995 0.780799
84.6995 0.780599
84.7995 0.780399
84.8995 0.780199
84.9995 0.779999
85.0995 0.779799
85.1995 0.779599
85.2995 0.779399
85.3995 0.779199
85.4995 0.778999
85.5995 0.778799
85.6995 0.778599
85.7995 0.778399
85.8995 0.778199
85.9995 0.777999
86.0995 0.777799
86.1995 0.777599
86.2995 0.777399
86.3995 0.777199
86.4995 0.776999
86.5995 0.776799
86.6995 0.776599
86.7995 0.776399
86.8995 0.776199
86.9995 0.775999
87.0995 0.775799
87.1995 0.775599
87.2995 0.775399
87.3995 0.775199
87.4995 0.774999
87.5995 0.774799
87.6995 0.774599
87.7995 0.774399
87.8995 0.774199
87.9995 0.773999
88.0995 0.773799
88.1995 0.773599
88.2995 0.773399
88.3995 0.773199
88.4995 0.772999
88.5995 0.772799
88.6995 0.772599
88.7995 0.772399
88.8995 0.772199
88.9995 0.771999
89.0995 0.771799
89.1995 0.771599
89.2995 0.771399
89.3995 0.771199
89.4995 0.770999
89.5995 0.770799
89.6995 0.770599
89.7995 0.770399
89.8995 0.770199
89.9995 0.769999
90.0995 0.769799
90.1995 0.769599
90.2995 0.769399
90.3995 0.769199
90.4995 0.768999
90.5995 0.768799
90.6995 0.768599
90.7995 0.768399
90.8995 0.768199
90.9995 0.767999
91.0995 0.767799
91.1995 0.767599
91.2995 0.767399
91.3995 0.767199
91.4995 0.766999
91.5995 0.766799
91.6995 0.766599
91.7995 0.766399
91.8995 0.766199
91.9995 0.765999
92.0995 0.765799
92.1995 0.765599
92.2995 0.765399
92.3995 0.765199
92.4995 0.764999
92.5995 0.764799
92.6995 0.764599
92.7995 0.764399
92.8995 0.764199
92.9995 0.763999
93.0995 0.763799
93.1995 0.763599
93.2995 0.763399
93.3995 0.763199
93.4995 0.762999
93.5995 0.762799
93.6995 0.762599
93.7995 0.762399
93.8995 0.762199
93.9995 0.761999
94.0995 0.761799
94.1995 0.761599
94.2995 0.761399
94.3995 0.761199
94.4995 0.760999
94.5995 0.760799
94.6995 0.760599
94.7995 0.760399
94.8995 0.760199
94.9995 0.759999
95.0995 0.759799
95.1995 0.759599
95.2995 0.759399
95.3995 0.759199
95.4995 0.758999
95.5995 0.758799
95.6995 0.758599
95.7995 0.758399
95.8995 0.758199
95.9995 0.757999
96.0995 0.757799
96.1995 0.757599
96.2995 0.757399
96.3995 0.757199
96.4995 0.756999
96.5995 0.756799
96.6995 0.756599
96.7995 0.756399
96.8995 0.756199
96.9995 0.755999
97.0995 0.755799
97.1995 0.755599
97.2995 0.755399
97.3995 0.755199
97.4995 0.754999
97.5995 0.754799
97.6995 0.754599
97.7995 0.754399
97.8995 0.754199
97.9995 0.753999
98.0995 0.753799
98.1995 0.753599
98.2995 0.753399
98.3995 0.753199
98.4995 0.752999
98.5995 0.752799
98.6995 0.752599
98.7995 0.752399
98.8995 0.752199
98.9995 0.751999
99.0994 0.751799
99.1994 0.751599
99.2994 0.751399
99.3994 0.751199
99.4994 0.750999
99.5994 0.750799
99.6994 0.750599
99.7994 0.750399
99.8994 0.750199
99.9994 0.749999
100.099 0.749799
100.199 0.749599
100.299 0.749399
100.399 0.749199
100.499 0.748999
100.599 0.748799
100.699 0.748599
100.799 0.748399
100.899 0.748199
100.999 0.747999
101.099 0.747799
101.199 0.747599
101.299 0.747399
101.399 0.747199
101.499 0.746999
101.599 0.746799
101.699 0.746599
101.799 0.746399
101.899 0.746199
101.999 0.745999
102.099 0.745799
102.199 0.745599
102.299 0.745399
102.399 0.745199
102.499 0.744999
102.599 0.744799
102.699 0.744599
102.799 0.744399
102.899 0.744199
102.999 0.743999
103.099 0.743799
103.199 0.743599
103.299 0.743399
103.399 0.743199
103.499 0.742999
103.599 0.742799
103.699 0.742599
103.799 0.742399
103.899 0.742199
103.999 0.741999
104.099 0.741799
104.199 0.741599
104.299 0.741399
104.399 0.741199
104.499 0.740999
104.599 0.740799
104.699 0.740599
104.799 0.740399
104.899 0.740199
104.999 0.739999
105.099 0.739799
105.199 0.739599
105.299 0.739399
105.399 0.739199
105.499 0.738999
105.599 0.738799
105.699 0.738599
105.799 0.738399
105.899 0.738199
105.999 0.737999
106.099 0.737799
106.199 0.737599
106.299 0.737399
106.399 0.737199
106.499 0.736999
106.599 0.736799
106.699 0.736599
106.799 0.736399
106.899 0.736199
106.999 0.735999
107.099 0.735799
107.199 0.735599
107.299 0.735399
107.399 0.735199
107.499 0.734999
107.599 0.734799
107.699 0.734599
107.799 0.734399
107.899 0.734199
107.999 0.733999
108.099 0.733799
108.199 0.733599
108.299 0.733399
108.399 0.733199
108.499 0.732999
108.599 0.732799
108.699 0.732599
108.799 0.732399
108.899 0.732199
108.999 0.731999
109.099 0.731799
109.199 0.731599
109.299 0.731399
109.399 0.731199
109.499 0.730999
109.599 0.730799
109.699 0.730599
109.799 0.730399
109.899 0.730199
109.999 0.729999
110.099 0.729799
110.199 0.729599
110.299 0.729399
110.399 0.729199
110.499 0.728999
110.599 0.728799
110.699 0.728599
110.799 0.728399
110.899 0.728199
110.999 0.727999
111.099 0.727799
111.199 0.727599
111.299 0.727399
111.399 0.727199
111.499 0.726999
111.599 0.726799
111.699 0.726599
111.799 0.726399
111.899 0.726199
111.999 0.725999
112.099 0.725799
112.199 0.725599
112.299 0.725399
112.399 0.725199
112.499 0.724999
112.599 0.724799
112.699 0.724599
112.799 0.724399
112.899 0.724199
112.999 0.723999
113.099 0.723799
113.199 0.723599
113.299 0.723399
113.399 0.723199
113.499 0.722999
113.599 0.722799
113.699 0.722599
113.799 0.722399
113.899 0.722199
113.999 0.721999
114.099 0.721799
114.199 0.721599
114.299 0.721399
114.399 0.721199
114.499 0.720999
114.599 0.720799
114.699 0.720599
114.799 0.720399
114.899 0.720199
114.999 0.719999
115.099 0.719799
115.199 0.719599
115.299 0.719399
115.399 0.719199
115.499 0.718999
115.599 0.718799
115.699 0.718599
115.799 0.718399
115.899 0.718199
115.999 0.717999
116.099 0.717799
116.199 0.717599
116.299 0.717399
116.399 0.717199
116.499 0.716999
116.599 0.716799
116.699 0.716599
116.799 0.716399
116.899 0.716199
116.999 0.715999
117.099 0.715799
117.199 0.715599
117.299 0.715399
117.399 0.715199
117.499 0.714999
117.599 0.714799
117.699 0.714599
117.799 0.714399
117.899 0.714199
117.999 0.713999
118.099 0.713799
118.199 0.713599
118.299 0.713399
118.399 0.713199
118.499 0.712999
118.599 0.712799
118.699 0.712599
118.799 0.712399
118.899 0.712199
118.999 0.711999
119.099 0.711799
119.199 0.711599
119.299 0.711399
119.399 0.711199
119.499 0.710999
119.599 0.710799
119.699 0.710599
119.799 0.710399
119.899 0.710199
119.999 0.709999
120.099 0.709799
120.199 0.709599
120.299 0.709399
120.399 0.709199
120.499 0.708999
120.599 0.708799
120.699 0.708599
120.799 0.708399
120.899 0.708199
120.999 0.707999
121.099 0.707799
121.199 0.707599
121.299 0.707399
121.399 0.707199
121.499 0.706999
121.599 0.706799
121.699 0.706599
121.799 0.706399
121.899 0.706199
121.999 0.705999
122.099 0.705799
122.199 0.705599
122.299 0.705399
122.399 0.705199
122.499 0.704999
122.599 0.704799
122.699 0.704599
122.799 0.704399
122.899 0.704199
122.999 0.703999
123.099 0.703799
123.199 0.703599
123.299 0.703399
123.399 0.703199
123.499 0.702999
123.599 0.702799
123.699 0.702599
123.799 0.702399
123.899 0.702199
123.999 0.701999
124.099 0.701799
124.199 0.701599
124.299 0.701399
124.399 0.701199
124.499 0.700999
124.599 0.700799
124.699 0.700599
124.799 0.700399
124.899 0.700199
124.999 0.699999
125.099 0.699799
125.199 0.699599
125.299 0.699399
125.399 0.699199
125.499 0.698999
125.599 0.698799
125.699 0.698599
125.799 0.698399
125.899 0.698199
125.999 0.697999
126.099 0.697799
126.199 0.697599
126.299 0.697399
126.399 0.697199
126.499 0.696999
126.599 0.696799
126.699 0.696599
126.799 0.696399
126.899 0.696199
126.999 0.695999
127.099 0.695799
127.199 0.695599
127.299 0.695399
127.399 0.695199
127.499 0.694999
127.599 0.694799
127.699 0.694599
127.799 0.694399
127.899 0.694199
127.999 0.693999
128.099 0.693799
128.199 0.693599
128.299 0.693399
128.399 0.693199
128.499 0.692999
128.599 0.692799
128.699 0.692599
128.799 0.692399
128.899 0.692199
128.999 0.691999
129.099 0.691799
129.199 0.691599
129.299 0.691399
129.399 0.691199
129.499 0.690999
129.599 0.690799
129.699 0.690599
129.799 0.690399
129.899 0.690199
129.999 0.689999
130.099 0.689799
130.199 0.689599
130.299 0.689399
130.399 0.689199
130.499 0.688999
130.599 0.688799
130.699 0.688599
130.799 0.688399
130.899 0.688199
130.999 0.687999
131.099 0.687799
131.199 0.687599
131.299 0.687399
131.399 0.687199
131.499 0.686999
131.599 0.686799
131.699 0.686599
131.799 0.686399
131.899 0.686199
131.999 0.685999
132.099 0.685799
132.199 0.685599
132.299 0.685399
132.399 0.685199
132.499 0.684999
132.599 0.684799
132.699 0.684599
132.799 0.684399
132.899 0.684199
132.999 0.683999
133.099 0.683799
133.199 0.683599
133.299 0.683399
133.399 0.683199
133.499 0.682999
133.599 0.682799
133.699 0.682599
133.799 0.682399
133.899 0.682199
133.999 0.681999
134.099 0.6818
134.199 0.6816
134.299 0.6814
134.399 0.6812
134.499 0.681
134.599 0.6808
134.699 0.6806
134.799 0.6804
134.899 0.6802
134.999 0.68
135.099 0.6798
135.199 0.6796
135.299 0.6794
135.399 0.6792
135.499 0.679
135.599 0.6788
135.699 0.6786
135.799 0.6784
135.899 0.6782
135.999 0.678
136.099 0.6778
136.199 0.6776
136.299 0.6774
136.399 0.6772
136.499 0.677
136.599 0.6768
136.699 0.6766
136.799 0.6764
136.899 0.6762
136.999 0.676
137.099 0.6758
137.199 0.6756
137.299 0.6754
137.399 0.6752
137.499 0.675
137.599 0.6748
137.699 0.6746
137.799 0.6744
137.899 0.6742
137.999 0.674
138.099 0.6738
138.199 0.6736
138.299 0.6734
138.399 0.6732
138.499 0.673
138.599 0.6728
138.699 0.6726
138.799 0.6724
138.899 0.6722
138.999 0.672
139.099 0.6718
139.199 0.6716
139.299 0.6714
139.399 0.6712
139.499 0.671
139.599 0.6708
139.699 0.6706
139.799 0.6704
139.899 0.6702
139.999 0.67
140.099 0.6698
140.199 0.6696
140.299 0.6694
140.399 0.6692
140.499 0.669
140.599 0.6688
140.699 0.6686
140.799 0.6684
140.899 0.6682
140.999 0.668
141.099 0.6678
141.199 0.6676
141.299 0.6674
141.399 0.6672
141.499 0.667
141.599 0.6668
141.699 0.6666
141.799 0.6664
141.899 0.6662
141.999 0.666
142.099 0.6658
142.199 0.6656
142.299 0.6654
142.399 0.6652
142.499 0.665
142.599 0.6648
142.699 0.6646
142.799 0.6644
142.899 0.6642
142.999 0.664
143.099 0.6638
143.199 0.6636
143.299 0.6634
143.399 0.6632
143.499 0.663
143.599 0.6628
143.699 0.6626
143.799 0.6624
143.899 0.6622
143.999 0.662
144.099 0.6618
144.199 0.6616
144.299 0.6614
144.399 0.6612
144.499 0.661
144.599 0.6608
144.699 0.6606
144.799 0.6604
144.899 0.6602
144.999 0.66
145.099 0.6598
145.199 0.6596
145.299 0.6594
145.399 0.6592
145.499 0.659
145.599 0.6588
145.699 0.6586
145.799 0.6584
145.899 0.6582
145.999 0.658
146.099 0.6578
146.199 0.6576
146.299 0.6574
146.399 0.6572
146.499 0.657
146.599 0.6568
146.699 0.6566
146.799 0.6564
146.899 0.6562
146.999 0.656
147.099 0.6558
147.199 0.6556
147.299 0.6554
147.399 0.6552
147.499 0.655
147.599 0.6548
147.699 0.6546
147.799 0.6544
147.899 0.6542
147.999 0.654
148.099 0.6538
148.199 0.6536
148.299 0.6534
148.399 0.6532
148.499 0.653
148.599 0.6528
148.699 0.6526
148.799 0.6524
148.899 0.6522
148.999 0.652
149.099 0.6518
149.199 0.6516
149.299 0.6514
149.399 0.6512
149.499 0.651
149.599 0.6508
149.699 0.6506
149.799 0.6504
149.899 0.6502
149.999 0.65
150.099 0.6498
150.199 0.6496
150.299 0.6494
150.399 0.6492
150.499 0.649
150.599 0.6488
150.699 0.6486
150.799 0.6484
150.899 0.6482
150.999 0.648
151.099 0.6478
151.199 0.6476
151.299 0.6474
151.399 0.6472
151.499 0.647
151.599 0.6468
151.699 0.6466
151.799 0.6464
151.899 0.6462
151.999 0.646
152.099 0.6458
152.199 0.6456
152.299 0.6454
152.399 0.6452
152.499 0.645
152.599 0.6448
152.699 0.6446
152.799 0.6444
152.899 0.6442
152.999 0.644
153.099 0.6438
153.199 0.6436
153.299 0.6434
153.399 0.6432
153.499 0.643
153.599 0.6428
153.699 0.6426
153.799 0.6424
153.899 0.6422
153.999 0.642
154.099 0.6418
154.199 0.6416
154.299 0.6414
154.399 0.6412
154.499 0.641
154.599 0.6408
154.699 0.6406
154.799 0.6404
154.899 0.6402
154.999 0.64
155.099 0.6398
155.199 0.6396
155.299 0.6394
155.399 0.6392
155.499 0.639
155.599 0.6388
155.699 0.6386
155.799 0.6384
155.899 0.6382
155.999 0.638
156.099 0.6378
156.199 0.6376
156.299 0.6374
156.399 0.6372
156.499 0.637
156.599 0.6368
156.699 0.6366
156.799 0.6364
156.899 0.6362
156.999 0.636
157.099 0.6358
157.199 0.6356
157.299 0.6354
157.399 0.6352
157.499 0.635
157.599 0.6348
157.699 0.6346
157.799 0.6344
157.899 0.6342
157.999 0.634
158.099 0.6338
158.199 0.6336
158.299 0.6334
158.399 0.6332
158.499 0.633
158.599 0.6328
158.699 0.6326
158.799 0.6324
158.899 0.6322
158.999 0.632
159.099 0.6318
159.199 0.6316
159.299 0.6314
159.399 0.6312
159.499 0.631
159.599 0.6308
159.699 0.6306
159.799 0.6304
159.899 0.6302
159.999 0.63
160.099 0.6298
160.199 0.6296
160.299 0.6294
160.399 0.6292
160.499 0.629
160.599 0.6288
160.699 0.6286
160.799 0.6284
160.899 0.6282
160.999 0.628
161.099 0.6278
161.199 0.6276
161.299 0.6274
161.399 0.6272
161.499 0.627
161.599 0.6268
161.699 0.6266
161.799 0.6264
161.899 0.6262
161.999 0.626
162.099 0.6258
162.199 0.6256
162.299 0.6254
162.399 0.6252
162.499 0.625
162.599 0.6248
162.699 0.6246
162.799 0.6244
162.899 0.6242
162.999 0.624
163.099 0.6238
163.199 0.6236
163.299 0.6234
163.399 0.6232
163.499 0.623
163.599 0.6228
163.699 0.6226
163.799 0.6224
163.899 0.6222
163.999 0.622
164.099 0.6218
164.199 0.6216
164.299 0.6214
164.399 0.6212
164.499 0.621
164.599 0.6208
164.699 0.6206
164.799 0.6204
164.899 0.6202
164.999 0.62
165.099 0.6198
165.199 0.6196
165.299 0.6194
165.399 0.6192
165.499 0.619
165.599 0.6188
165.699 0.6186
165.799 0.6184
165.899 0.6182
165.999 0.618
166.099 0.6178
166.199 0.6176
166.299 0.6174
166.399 0.6172
166.499 0.617
166.599 0.6168
166.699 0.6166
166.799 0.6164
166.899 0.6162
166.999 0.616
167.099 0.6158
167.199 0.6156
167.299 0.6154
167.399 0.6152
167.499 0.615
167.599 0.6148
167.699 0.6146
167.799 0.6144
167.899 0.6142
167.999 0.614
168.099 0.6138
168.199 0.6136
168.299 0.6134
168.399 0.6132
168.499 0.613
168.599 0.6128
168.699 0.6126
168.799 0.6124
168.899 0.6122
168.999 0.612
169.099 0.6118
169.199 0.6116
169.299 0.6114
169.399 0.6112
169.499 0.611
169.599 0.6108
169.699 0.6106
169.799 0.6104
169.899 0.6102
169.999 0.61
170.099 0.6098
170.199 0.6096
170.299 0.6094
170.399 0.6092
170.499 0.609
170.599 0.6088
170.699 0.6086
170.799 0.6084
170.899 0.6082
170.999 0.608
171.099 0.6078
171.199 0.6076
171.299 0.6074
171.399 0.6072
171.499 0.607
171.599 0.6068
171.699 0.6066
171.799 0.6064
171.899 0.6062
171.999 0.606
172.099 0.6058
172.199 0.6056
172.299 0.6054
172.399 0.6052
172.499 0.605
172.599 0.6048
172.699 0.6046
172.799 0.6044
172.899 0.6042
172.999 0.604
173.099 0.6038
173.199 0.6036
173.299 0.6034
173.399 0.6032
173.499 0.603
173.599 0.6028
173.699 0.6026
173.799 0.6024
173.899 0.6022
173.999 0.602
174.099 0.6018
174.199 0.6016
174.299 0.6014
174.399 0.6012
174.499 0.601
174.599 0.6008
174.699 0.6006
174.799 0.6004
174.899 0.6002
174.999 0.6
175.099 0.5998
175.199 0.5996
175.299 0.5994
175.399 0.5992
175.499 0.599
175.599 0.5988
175.699 0.5986
175.799 0.5984
175.899 0.5982
175.999 0.598
176.099 0.5978
176.199 0.5976
176.299 0.5974
176.399 0.5972
176.499 0.597
176.599 0.5968
176.699 0.5966
176.799 0.5964
176.899 0.5962
176.999 0.596
177.099 0.5958
177.199 0.5956
177.299 0.5954
177.399 0.5952
177.499 0.595
177.599 0.5948
177.699 0.5946
177.799 0.5944
177.899 0.5942
177.999 0.594
178.099 0.5938
178.199 0.5936
178.299 0.5934
178.399 0.5932
178.499 0.593
178.599 0.5928
178.699 0.5926
178.799 0.5924
178.899 0.5922
178.999 0.592
179.099 0.5918
179.199 0.5916
179.299 0.5914
179.399 0.5912
179.499 0.591
179.599 0.5908
179.699 0.5906
179.799 0.590398
179.899 0.590195
179.999 0.589992
180.099 0.589838
180.199 0.589685
180.299 0.589531
180.399 0.589378
180.499 0.589224
180.599 0.589071
180.699 0.588917
180.798 0.588762
180.898 0.588607
180.998 0.588452
181.098 0.588297
181.198 0.588143
181.298 0.587988
181.398 0.587833
181.498 0.587678
181.598 0.587524
181.698 0.587369
181.798 0.587214
181.898 0.587059
181.998 0.586904
182.098 0.58675
182.197 0.586595
182.297 0.58644
182.397 0.586285
182.497 0.58613
182.597 0.585976
182.697 0.585821
182.797 0.585666
182.897 0.585511
182.997 0.585357
183.097 0.585202
183.197 0.585047
183.297 0.584892
183.397 0.584737
183.497 0.584583
183.597 0.584428
183.696 0.584273
183.796 0.584118
183.896 0.583964
183.996 0.583809
184.096 0.583654
184.196 0.583499
184.296 0.583344
184.396 0.58319
184.496 0.583035
184.596 0.58288
184.696 0.582725
184.796 0.582571
184.896 0.582416
184.996 0.582261
185.095 0.582106
185.195 0.581951
185.295 0.581797
185.395 0.581642
185.495 0.581487
185.595 0.581332
185.695 0.581178
185.795 0.581023
185.895 0.580868
185.995 0.580713
186.095 0.580561
186.195 0.58041
186.295 0.580259
186.395 0.580107
186.495 0.579956
186.594 0.579805
186.694 0.579653
186.794 0.579499
186.894 0.579344
186.994 0.57919
187.094 0.579009
187.194 0.578813
187.294 0.578616
187.394 0.578419
187.494 0.578222
187.594 0.578026
187.694 0.577829
187.794 0.577632
187.894 0.577436
187.993 0.577239
188.093 0.577042
188.193 0.576845
188.293 0.576649
188.393 0.576452
188.493 0.576255
188.593 0.576059
188.693 0.575862
188.793 0.575665
188.893 0.575468
188.993 0.575272
189.093 0.575075
189.193 0.574878
189.293 0.574682
189.393 0.574485
189.492 0.574288
189.592 0.574091
189.692 0.573895
189.792 0.573698
189.892 0.573501
189.992 0.573305
190.092 0.573108
190.192 0.572911
190.292 0.572714
190.392 0.572518
190.492 0.572321
190.592 0.572124
190.692 0.571927
190.792 0.571731
190.891 0.571534
190.991 0.571337
191.091 0.571141
191.191 0.570944
191.291 0.570747
191.391 0.57055
191.491 0.570354
191.591 0.570157
191.691 0.56996
191.791 0.569764
191.891 0.569567
191.991 0.56937
192.091 0.569173
192.191 0.568977
192.29 0.56878
192.39 0.568583
192.49 0.568387
192.59 0.56819
192.69 0.567993
192.79 0.567796
192.89 0.5676
192.99 0.567403
193.09 0.567206
193.19 0.56701
193.29 0.566813
193.39 0.566616
193.49 0.566419
193.59 0.566223
193.69 0.566026
193.789 0.565829
193.889 0.565633
193.989 0.565436
194.089 0.565239
194.189 0.565042
194.289 0.564846
194.389 0.564649
194.489 0.564452
194.589 0.564255
194.689 0.564059
194.789 0.563862
194.889 0.563665
194.989 0.563469
195.089 0.563272
195.188 0.563075
195.288 0.562878
195.388 0.562682
195.488 0.562485
195.588 0.562288
195.688 0.562092
195.788 0.561895
195.888 0.561698
195.988 0.561501
196.088 0.561305
196.188 0.561108
196.288 0.560911
196.388 0.560715
196.488 0.560518
196.588 0.560321
196.687 0.560124
196.787 0.559928
196.887 0.559731
196.987 0.559534
197.087 0.559338
197.187 0.559141
197.287 0.558944
197.387 0.558747
197.487 0.558551
197.587 0.558354
197.687 0.558157
197.787 0.557961
197.887 0.557764
197.987 0.557567
198.086 0.55737
198.186 0.557174
198.286 0.556977
198.386 0.55678
198.486 0.556584
198.586 0.556387
198.686 0.55619
198.786 0.555993
198.886 0.555797
198.986 0.5556
199.086 0.555403
199.186 0.555206
199.286 0.55501
199.386 0.554813
199.486 0.554616
199.585 0.55442
199.685 0.554223
199.785 0.554026
199.885 0.553829
199.985 0.553633
200.085 0.553436
200.185 0.553239
200.285 0.553043
200.385 0.552846
200.485 0.552649
200.585 0.552452
200.685 0.552256
200.785 0.552059
200.885 0.551862
200.984 0.551666
201.084 0.551469
201.184 0.551272
201.284 0.551075
201.384 0.550879
201.484 0.550682
201.584 0.550485
201.684 0.550289
201.784 0.550092
201.884 0.549895
201.984 0.549698
202.084 0.549502
202.184 0.549305
202.284 0.549108
202.384 0.548912
202.483 0.548715
202.583 0.548518
202.683 0.548321
202.783 0.548125
202.883 0.547928
202.983 0.547731
203.083 0.547535
203.183 0.547338
203.283 0.547141
203.383 0.546944
203.483 0.546748
203.583 0.546551
203.683 0.546354
203.783 0.546157
203.882 0.545961
203.982 0.545764
204.082 0.545567
204.182 0.545371
204.282 0.545174
204.382 0.544977
204.482 0.54478
204.582 0.544584
204.682 0.544387
204.782 0.54419
204.882 0.543994
204.982 0.543797
205.082 0.5436
205.182 0.543403
205.282 0.543207
205.381 0.54301
205.481 0.542813
205.581 0.542617
205.681 0.54242
205.781 0.542223
205.881 0.542026
205.981 0.54183
206.081 0.541633
206.181 0.541436
206.281 0.54124
206.381 0.541043
206.481 0.540846
206.581 0.540649
206.681 0.540453
206.78 0.540256
206.88 0.540059
206.98 0.539863
207.08 0.539666
207.18 0.539469
207.28 0.539272
207.38 0.539076
207.48 0.538879
207.58 0.538682
207.68 0.538486
207.78 0.538289
207.88 0.538092
207.98 0.537895
208.08 0.537699
208.18 0.537502
208.279 0.537305
208.379 0.537109
208.479 0.536912
208.579 0.536715
208.679 0.536518
208.779 0.536322
208.879 0.536125
208.979 0.535928
209.079 0.535731
209.179 0.535535
209.279 0.535338
209.379 0.535141
209.479 0.534945
209.579 0.534748
209.678 0.534551
209.778 0.534354
209.878 0.534158
209.978 0.533961
210.078 0.533764
210.178 0.533568
210.278 0.533371
210.378 0.533174
210.478 0.532977
210.578 0.532781
210.678 0.532584
210.778 0.532387
210.878 0.532191
210.978 0.531994
211.078 0.531797
211.177 0.5316
211.277 0.531404
211.377 0.531207
211.477 0.53101
211.577 0.530814
211.677 0.530617
211.777 0.53042
211.877 0.530223
211.977 0.530027
212.077 0.52983
212.177 0.529633
212.277 0.529436
212.377 0.52924
212.477 0.529043
212.576 0.528846
212.676 0.52865
212.776 0.528453
212.876 0.528256
212.976 0.528059
213.076 0.527863
213.176 0.527666
213.276 0.527469
213.376 0.527273
213.476 0.527076
213.576 0.526879
213.676 0.526682
213.776 0.526486
213.876 0.526289
213.975 0.526092
214.075 0.525896
214.175 0.525699
214.275 0.525502
214.375 0.525305
214.475 0.525109
214.575 0.524912
214.675 0.524715
214.775 0.524519
214.875 0.524322
214.975 0.524125
215.075 0.523928
215.175 0.523732
215.275 0.523535
215.375 0.523338
215.474 0.523142
215.574 0.522945
215.674 0.522748
215.774 0.522551
215.874 0.522355
215.974 0.522158
216.074 0.521961
216.174 0.521765
216.274 0.521568
216.374 0.521371
216.474 0.521174
216.574 0.520978
216.674 0.520781
216.774 0.520584
216.873 0.520388
216.973 0.520191
217.073 0.519994
217.173 0.519797
217.273 0.519601
217.373 0.519404
217.473 0.519207
217.573 0.51901
217.673 0.518814
217.773 0.518617
217.873 0.51842
217.973 0.518224
218.073 0.518027
218.173 0.51783
218.273 0.517633
218.372 0.517437
218.472 0.51724
218.572 0.517043
218.672 0.516847
218.772 0.51665
218.872 0.516453
218.972 0.516256
219.072 0.51606
219.172 0.515863
219.272 0.515666
219.372 0.51547
219.472 0.515273
219.572 0.515076
219.672 0.514879
219.771 0.514683
219.871 0.514486
219.971 0.514289
220.071 0.514093
220.171 0.513896
220.271 0.513699
220.371 0.513502
220.471 0.513306
220.571 0.513109
220.671 0.512912
220.771 0.512716
220.871 0.512519
220.971 0.512322
221.071 0.512125
221.171 0.511929
221.27 0.511732
221.37 0.511535
221.47 0.511339
221.57 0.511142
221.67 0.510945
221.77 0.510748
221.87 0.510552
221.97 0.510355
222.07 0.510158
222.17 0.509961
222.27 0.509765
222.37 0.509568
222.47 0.509371
222.57 0.509175
222.669 0.508978
222.769 0.508781
222.869 0.508584
222.969 0.508388
223.069 0.508191
223.169 0.507994
223.269 0.507798
223.369 0.507601
223.469 0.507404
223.569 0.507207
223.669 0.507011
223.769 0.506814
223.869 0.506617
223.969 0.506421
224.069 0.506224
224.168 0.506027
224.268 0.50583
224.368 0.505634
224.468 0.505437
224.568 0.50524
224.668 0.505044
224.768 0.504824
224.868 0.504606
224.968 0.504387
225.068 0.504168
225.168 0.503949
225.268 0.503731
225.368 0.503512
225.468 0.503293
225.567 0.503075
225.667 0.502856
225.767 0.502637
225.867 0.502418
225.967 0.502202
226.067 0.501987
226.167 0.501772
226.267 0.501557
226.367 0.50134
226.467 0.501122
226.567 0.500905
226.667 0.500687
226.767 0.500469
226.867 0.500251
226.967 0.500033
227.066 0.499816
227.166 0.499602
227.266 0.499388
227.366 0.499174
227.466 0.49896
227.566 0.498746
227.666 0.498531
227.766 0.498317
227.866 0.498102
227.966 0.497885
228.066 0.497668
228.166 0.497451
228.266 0.497237
228.366 0.497024
228.465 0.496811
228.565 0.496598
228.665 0.496385
228.765 0.496172
228.865 0.495959
228.965 0.495746
229.065 0.495533
229.165 0.49532
229.265 0.495106
229.365 0.494889
229.465 0.494671
229.565 0.494454
229.665 0.494237
229.765 0.49402
229.865 0.493803
229.964 0.493586
230.064 0.493369
230.164 0.493152
230.264 0.492934
230.364 0.492717
230.464 0.4925
230.564 0.492283
230.664 0.492066
230.764 0.491849
230.864 0.491632
230.964 0.491415
231.064 0.491198
231.164 0.49098
231.264 0.490763
231.363 0.490546
231.463 0.490329
231.563 0.490112
231.663 0.489895
231.763 0.489678
231.863 0.489461
231.963 0.489244
232.063 0.489026
232.163 0.488809
232.263 0.488592
232.363 0.488375
232.463 0.488158
232.563 0.487941
232.663 0.487724
232.763 0.487507
232.862 0.48729
232.962 0.487072
233.062 0.486855
233.162 0.486638
233.262 0.486421
233.362 0.486204
233.462 0.485987
233.562 0.48577
233.662 0.485553
233.762 0.485335
233.862 0.485118
233.962 0.484901
234.062 0.484684
234.162 0.484467
234.261 0.48425
234.361 0.484033
234.461 0.483816
234.561 0.483599
234.661 0.483381
234.761 0.483164
234.861 0.482947
234.961 0.48273
235.061 0.482513
235.161 0.482296
235.261 0.482079
235.361 0.481862
235.461 0.481645
235.561 0.481427
235.66 0.48121
235.76 0.480993
235.86 0.480776
235.96 0.480559
236.06 0.480342
236.16 0.480125
236.26 0.479908
236.36 0.479691
236.46 0.479473
236.56 0.479256
236.66 0.479039
236.76 0.478822
236.86 0.478602
236.96 0.478379
237.06 0.478156
237.159 0.477934
237.259 0.477713
237.359 0.477494
237.459 0.477274
237.559 0.477054
237.659 0.476834
237.759 0.476614
237.859 0.476394
237.959 0.476175
238.059 0.475955
238.159 0.475735
238.259 0.475515
238.359 0.475304
238.459 0.475094
238.558 0.474883
238.658 0.474673
238.758 0.474463
238.858 0.474252
238.958 0.474042
239.058 0.473832
239.158 0.473621
239.258 0.473411
239.358 0.473201
239.458 0.47299
239.558 0.47278
239.658 0.47257
239.758 0.472359
239.858 0.472149
239.958 0.471939
240.057 0.471728
240.157 0.471518
240.257 0.471308
240.357 0.471097
240.457 0.470887
240.557 0.470677
240.657 0.470467
240.757 0.470256
240.857 0.470046
240.957 0.469836
241.057 0.469625
241.157 0.469415
241.257 0.469205
241.357 0.468994
241.456 0.468784
241.556 0.468574
241.656 0.468363
241.756 0.468153
241.856 0.467943
241.956 0.467732
242.056 0.467522
242.156 0.467312
242.256 0.467101
242.356 0.466891
242.456 0.466681
242.556 0.46647
242.656 0.46626
242.756 0.46605
242.856 0.465839
242.955 0.465629
243.055 0.465419
243.155 0.465208
243.255 0.464998
243.355 0.464788
243.455 0.464578
243.555 0.464367
243.655 0.464157
243.755 0.463947
243.855 0.463736
243.955 0.463526
244.055 0.463316
244.155 0.463105
244.255 0.462895
244.354 0.462685
244.454 0.462474
244.554 0.462264
244.654 0.462054
244.754 0.461843
244.854 0.461633
244.954 0.461423
245.054 0.461212
245.154 0.461002
245.254 0.460792
245.354 0.460581
245.454 0.460371
245.554 0.460161
245.654 0.45995
245.754 0.45974
245.853 0.45953
245.953 0.459336
246.053 0.459142
246.154 0.458948
246.254 0.458754
246.354 0.45856
246.454 0.458366
246.554 0.458172
246.654 0.457978
246.754 0.457784
246.854 0.45759
246.954 0.457396
247.054 0.457202
247.154 0.457008
247.254 0.456814
247.354 0.45662
247.454 0.456426
247.554 0.456232
247.654 0.456039
247.754 0.455845
247.854 0.455651
247.954 0.455457
248.054 0.455263
248.154 0.455069
248.254 0.454875
248.354 0.454681
248.454 0.454487
248.554 0.454293
248.654 0.454099
248.754 0.453905
248.854 0.453711
248.954 0.453517
249.054 0.453323
249.154 0.453129
249.254 0.452935
249.354 0.452741
249.454 0.452547
249.554 0.452353
249.654 0.452159
249.754 0.451965
249.854 0.451771
249.954 0.451577
250.054 0.451384
250.154 0.45119
250.254 0.450996
250.354 0.450802
250.454 0.450608
250.554 0.450414
250.654 0.45022
250.754 0.450026
250.854 0.449832
250.954 0.449638
251.054 0.449444
251.154 0.44925
251.254 0.449056
251.354 0.448862
251.455 0.448668
251.555 0.448474
251.655 0.44828
251.755 0.448086
251.855 0.447892
251.955 0.447698
252.055 0.447504
252.155 0.44731
252.255 0.447116
252.355 0.446922
252.455 0.446728
252.555 0.446535
252.655 0.446341
252.755 0.446147
252.855 0.445953
252.955 0.445759
253.055 0.445565
253.155 0.445371
253.255 0.445177
253.355 0.444983
253.455 0.444789
253.555 0.444595
253.655 0.444401
253.755 0.444207
253.855 0.444013
253.955 0.443819
254.055 0.443625
254.155 0.443431
254.255 0.443237
254.355 0.443043
254.455 0.442849
254.555 0.442655
254.655 0.442461
254.755 0.442267
254.855 0.442073
254.955 0.44188
255.055 0.441686
255.155 0.441492
255.255 0.441298
255.355 0.441104
255.455 0.44091
255.555 0.440716
255.655 0.440522
255.755 0.440328
255.855 0.440134
255.955 0.43994
256.055 0.439746
256.155 0.439552
256.255 0.439358
256.355 0.439164
256.455 0.43897
256.555 0.438776
256.656 0.438582
256.756 0.438388
256.856 0.438194
256.956 0.438
257.056 0.437806
257.156 0.437612
257.256 0.437418
257.356 0.437224
257.456 0.437031
257.556 0.436837
257.656 0.436643
257.756 0.436449
257.856 0.436255
257.956 0.436061
258.056 0.435867
258.156 0.435673
258.256 0.435479
258.356 0.435285
258.456 0.435091
258.556 0.434897
258.656 0.434703
258.756 0.434509
258.856 0.434315
258.956 0.434121
259.056 0.433927
259.156 0.433733
259.256 0.433539
259.356 0.433345
259.456 0.433151
259.556 0.432957
259.656 0.432763
259.756 0.432569
259.856 0.432375
259.956 0.432182
260.056 0.431988
260.156 0.431794
260.256 0.4316
260.356 0.431406
260.456 0.431212
260.556 0.431018
260.656 0.430824
260.756 0.43063
260.856 0.430436
260.956 0.430242
261.056 0.430048
261.156 0.429854
261.256 0.42966
261.356 0.429466
261.456 0.429272
261.556 0.429078
261.656 0.428884
261.756 0.42869
261.856 0.428496
261.957 0.428302
262.057 0.428108
262.157 0.427914
262.257 0.42772
262.357 0.427526
262.457 0.427333
262.557 0.427139
262.657 0.426945
262.757 0.426751
262.857 0.426557
262.957 0.426363
263.057 0.426169
263.157 0.425975
263.257 0.425781
263.357 0.425587
263.457 0.425393
263.557 0.425199
263.657 0.425005
263.757 0.424811
263.857 0.424617
263.957 0.424423
264.057 0.424229
264.157 0.424035
264.257 0.423841
264.357 0.423647
264.457 0.423453
264.557 0.423259
264.657 0.423065
264.757 0.422871
264.857 0.422677
264.957 0.422484
265.057 0.42229
265.157 0.422096
265.257 0.421902
265.357 0.421708
265.457 0.421514
265.557 0.42132
265.657 0.421126
265.757 0.420932
265.857 0.420738
265.957 0.420544
266.057 0.42035
266.157 0.420156
266.257 0.419962
266.357 0.419768
266.457 0.419574
266.557 0.41938
266.657 0.419186
266.757 0.418992
266.857 0.418798
266.957 0.418604
267.057 0.41841
267.157 0.418216
267.258 0.418022
267.358 0.417829
267.458 0.417635
267.558 0.417441
267.658 0.417247
267.758 0.417053
267.858 0.416859
267.958 0.416665
268.058 0.416471
268.158 0.416277
268.258 0.416083
268.358 0.415889
268.458 0.415695
268.558 0.415501
268.658 0.415307
268.758 0.415113
268.858 0.414919
268.958 0.414725
269.058 0.414531
269.158 0.414337
269.258 0.414143
269.358 0.413949
269.458 0.413755
269.558 0.413561
269.658 0.413367
269.758 0.413173
269.858 0.412979
269.958 0.412786
270.058 0.412592
270.158 0.412398
270.258 0.412204
270.358 0.41201
270.458 0.411816
270.558 0.411622
270.658 0.411428
270.758 0.411234
270.858 0.41104
270.958 0.410846
271.058 0.410652
271.158 0.410458
271.258 0.410264
271.358 0.41007
271.458 0.409876
271.558 0.409682
271.658 0.409488
271.758 0.409294
271.858 0.4091
271.958 0.408906
272.058 0.408712
272.158 0.408518
272.258 0.408324
272.358 0.408131
272.459 0.407937
272.559 0.407743
272.659 0.407549
272.759 0.407355
272.859 0.407161
272.959 0.406967
273.059 0.406773
273.159 0.406579
273.259 0.406385
273.359 0.406191
273.459 0.405997
273.559 0.405803
273.659 0.405609
273.759 0.405415
273.859 0.405221
273.959 0.405027
274.059 0.404833
274.159 0.404639
274.259 0.404445
274.359 0.404251
274.459 0.404057
274.559 0.403863
274.659 0.403669
274.759 0.403475
274.859 0.403282
274.959 0.403088
275.059 0.402894
275.159 0.4027
275.259 0.402506
275.359 0.402312
275.459 0.402118
275.559 0.401924
275.659 0.40173
275.759 0.401536
275.859 0.401342
275.959 0.401148
276.059 0.400954
276.159 0.40076
276.259 0.400566
276.359 0.400372
276.459 0.400178
276.559 0.399984
276.659 0.39979
276.759 0.399596
276.859 0.399402
276.959 0.399208
277.059 0.399014
277.159 0.39882
277.259 0.398626
277.359 0.398433
277.459 0.398239
277.559 0.398045
277.659 0.397851
277.76 0.397657
277.86 0.397463
277.96 0.397269
278.06 0.397075
278.16 0.396881
278.26 0.396687
278.36 0.396493
278.46 0.396299
278.56 0.396105
278.66 0.395911
278.76 0.395717
278.86 0.395523
278.96 0.395329
279.06 0.395135
279.16 0.394941
279.26 0.394747
279.36 0.394553
279.46 0.394359
279.56 0.394165
279.66 0.393971
279.76 0.393778
279.86 0.393584
279.96 0.39339
280.06 0.393196
280.16 0.393002
280.26 0.392808
280.36 0.392614
280.46 0.39242
280.56 0.392226
280.66 0.392032
280.76 0.391838
280.86 0.391644
280.96 0.39145
281.06 0.391256
281.16 0.391062
281.26 0.390868
281.36 0.390674
281.46 0.39048
281.56 0.390286
281.66 0.390092
281.76 0.389898
281.86 0.389704
281.96 0.38951
282.06 0.389316
282.16 0.389122
282.26 0.388929
282.36 0.388735
282.46 0.388541
282.56 0.388347
282.66 0.388153
282.76 0.387959
282.86 0.387765
282.961 0.387571
283.061 0.387377
283.161 0.387183
283.261 0.386989
283.361 0.386795
283.461 0.386601
283.561 0.386407
283.661 0.386213
283.761 0.386019
283.861 0.385825
283.961 0.385631
284.061 0.385437
284.161 0.385243
284.261 0.385049
284.361 0.384855
284.461 0.384661
284.561 0.384467
284.661 0.384273
284.761 0.38408
284.861 0.383886
284.961 0.383692
285.061 0.383498
285.161 0.383304
285.261 0.38311
285.361 0.382916
285.461 0.382722
285.561 0.382528
285.661 0.382334
285.761 0.38214
285.861 0.381946
285.961 0.381752
286.061 0.381558
286.161 0.381364
286.261 0.38117
286.361 0.380976
286.461 0.380782
286.561 0.380588
286.661 0.380394
286.761 0.3802
286.861 0.380006
286.961 0.379812
287.061 0.379618
287.161 0.379424
287.261 0.379231
287.361 0.379037
287.461 0.378843
287.561 0.378649
287.661 0.378455
287.761 0.378261
287.861 0.378067
287.961 0.377873
288.061 0.377679
288.161 0.377485
288.262 0.377291
288.362 0.377097
288.462 0.376903
288.562 0.376709
288.662 0.376515
288.762 0.376321
288.862 0.376127
288.962 0.375933
289.062 0.375739
289.162 0.375545
289.262 0.375351
289.362 0.375157
289.462 0.374963
289.562 0.374769
289.662 0.374576
289.762 0.374382
289.862 0.374188
289.962 0.373994
290.062 0.3738
290.162 0.373606
290.262 0.373412
290.362 0.373218
290.462 0.373024
290.562 0.37283
290.662 0.372636
290.762 0.372442
290.862 0.372248
290.962 0.372054
291.062 0.37186
291.162 0.371666
291.262 0.371472
291.362 0.371278
291.462 0.371084
291.562 0.37089
291.662 0.370696
291.762 0.370502
291.862 0.370308
291.962 0.370114
292.062 0.36992
292.162 0.369727
292.262 0.369533
292.362 0.369339
292.462 0.369145
292.562 0.368951
292.662 0.368757
292.762 0.368563
292.862 0.368369
292.962 0.368175
293.062 0.367981
293.162 0.367787
293.262 0.367593
293.362 0.367399
293.463 0.367205
293.563 0.367011
293.663 0.366817
293.763 0.366623
293.863 0.366429
293.963 0.366235
294.063 0.366041
294.163 0.365847
294.263 0.365653
294.363 0.365459
294.463 0.365265
294.563 0.365071
294.663 0.364878
294.763 0.364684
294.863 0.36449
294.963 0.364296
295.063 0.364102
295.163 0.363908
295.263 0.363714
295.363 0.36352
295.463 0.363326
295.563 0.363132
295.663 0.362938
295.763 0.362744
295.863 0.36255
295.963 0.362356
296.063 0.362162
296.163 0.361968
296.263 0.361774
296.363 0.36158
296.463 0.361386
296.563 0.361192
296.663 0.360998
296.763 0.360804
296.863 0.36061
296.963 0.360416
297.063 0.360222
297.163 0.360029
297.263 0.359835
297.363 0.359641
297.463 0.359447
297.563 0.359253
297.663 0.359059
297.763 0.358865
297.863 0.358671
297.963 0.358477
298.063 0.358283
298.163 0.358089
298.263 0.357895
298.363 0.357701
298.463 0.357507
298.563 0.357313
298.663 0.357119
298.764 0.356925
298.864 0.356731
298.964 0.356537
299.064 0.356343
299.164 0.356149
299.264 0.355955
299.364 0.355761
299.464 0.355567
299.564 0.355374
299.664 0.35518
299.764 0.354986
299.864 0.354792
299.964 0.354598
300.064 0.354404
300.164 0.35421
300.264 0.354016
300.364 0.353822
300.464 0.353628
300.564 0.353434
300.664 0.35324
300.764 0.353046
300.864 0.352852
300.964 0.352658
301.064 0.352464
301.164 0.35227
301.264 0.352076
301.364 0.351882
301.464 0.351688
301.564 0.351494
301.664 0.3513
301.764 0.351106
301.864 0.350912
301.964 0.350718
302.064 0.350525
302.164 0.350331
302.264 0.350137
302.364 0.349943
302.464 0.349749
302.564 0.349555
302.664 0.349361
302.764 0.349167
302.864 0.348973
302.964 0.348779
303.064 0.348585
303.164 0.348391
303.264 0.348197
303.364 0.348003
303.464 0.347809
303.564 0.347615
303.664 0.347421
303.764 0.347227
303.864 0.347033
303.965 0.346839
304.065 0.346645
304.165 0.346451
304.265 0.346257
304.365 0.346063
304.465 0.345869
304.565 0.345676
304.665 0.345482
304.765 0.345288
304.865 0.345094
304.965 0.3449
305.065 0.344706
305.165 0.344512
305.265 0.344318
305.365 0.344124
305.465 0.34393
305.565 0.343736
305.665 0.343542
305.765 0.343348
305.865 0.343154
305.965 0.34296
306.065 0.342766
306.165 0.342572
306.265 0.342378
306.365 0.342184
306.465 0.34199
306.565 0.341796
306.665 0.341602
306.765 0.341408
306.865 0.341214
306.965 0.34102
307.065 0.340827
307.165 0.340633
307.265 0.340439
307.365 0.340245
307.465 0.340051
307.565 0.339857
307.665 0.339663
307.765 0.339469
307.865 0.339275
307.965 0.339081
308.065 0.338887
308.165 0.338693
308.265 0.338499
308.365 0.338305
308.465 0.338111
308.565 0.337917
308.665 0.337723
308.765 0.337529
308.865 0.337335
308.965 0.337141
309.065 0.336947
309.165 0.336753
309.266 0.336559
309.366 0.336365
309.466 0.336171
309.566 0.335978
309.666 0.335784
309.766 0.33559
309.866 0.335396
309.966 0.335202
310.066 0.335008
310.166 0.334814
310.266 0.33462
310.366 0.334426
310.466 0.334232
310.566 0.334038
310.666 0.333844
310.766 0.33365
310.866 0.333456
310.966 0.333262
311.066 0.333068
311.166 0.332874
311.266 0.33268
311.366 0.332486
311.466 0.332292
311.566 0.332098
311.666 0.331904
311.766 0.33171
311.866 0.331516
311.966 0.331323
312.066 0.331129
312.166 0.330935
312.266 0.330741
312.366 0.330547
312.466 0.330353
312.566 0.330159
312.666 0.329965
312.766 0.329771
312.866 0.329577
312.966 0.329383
313.066 0.329189
313.166 0.328995
313.266 0.328801
313.366 0.328607
313.466 0.328413
313.566 0.328219
313.666 0.328025
313.766 0.327831
313.866 0.327637
313.966 0.327443
314.066 0.327249
314.166 0.327055
314.266 0.326861
314.366 0.326667
314.466 0.326474
314.567 0.32628
314.667 0.326086
314.767 0.325892
314.867 0.325698
314.967 0.325504
315.067 0.32531
315.167 0.325116
315.267 0.324922
315.367 0.324728
315.467 0.324534
315.567 0.32434
315.667 0.324146
315.767 0.323952
315.867 0.323758
315.967 0.323564
316.067 0.32337
316.167 0.323176
316.267 0.322982
316.367 0.322788
316.467 0.322594
316.567 0.3224
316.667 0.322206
316.767 0.322012
316.867 0.321818
316.967 0.321625
317.067 0.321431
317.167 0.321237
317.267 0.321043
317.367 0.320849
317.467 0.320655
317.567 0.320461
317.667 0.320267
317.767 0.320073
317.867 0.319879
317.967 0.319685
318.067 0.319491
318.167 0.319297
318.267 0.319103
318.367 0.318909
318.467 0.318715
318.567 0.318521
318.667 0.318327
318.767 0.318133
318.867 0.317939
318.967 0.317745
319.067 0.317551
319.167 0.317357
319.267 0.317163
319.367 0.31697
319.467 0.316776
319.567 0.316582
319.667 0.316388
319.768 0.316194
319.868 0.316
319.968 0.315806
320.068 0.315612
320.168 0.315418
320.268 0.315224
320.368 0.31503
320.468 0.314836
320.568 0.314642
320.668 0.314448
320.768 0.314254
320.868 0.31406
320.968 0.313866
321.068 0.313672
321.168 0.313478
321.268 0.313284
321.368 0.31309
321.468 0.312896
321.568 0.312702
321.668 0.312508
321.768 0.312314
321.868 0.312121
321.968 0.311927
322.068 0.311733
322.168 0.311539
322.268 0.311345
322.368 0.311151
322.468 0.310957
322.568 0.310763
322.668 0.310569
322.768 0.310375
322.868 0.310181
322.968 0.309987
323.068 0.309793
323.168 0.309599
323.268 0.309405
323.368 0.309211
323.468 0.309017
323.568 0.308823
323.668 0.308629
323.768 0.308435
323.868 0.308241
323.968 0.308047
324.068 0.307853
324.168 0.307659
324.268 0.307465
324.368 0.307272
324.468 0.307078
324.568 0.306884
324.668 0.30669
324.768 0.306496
324.868 0.306302
324.968 0.306108
325.069 0.305914
325.169 0.30572
325.269 0.305526
325.369 0.305332
325.469 0.305138
325.569 0.304944
325.669 0.30475
325.769 0.304556
325.869 0.304362
325.969 0.304168
326.069 0.303974
326.169 0.30378
326.269 0.303586
326.369 0.303392
326.469 0.303198
326.569 0.303004
326.669 0.30281
326.769 0.302616
326.869 0.302423
326.969 0.302229
327.069 0.302035
327.169 0.301841
327.269 0.301647
327.369 0.301453
327.469 0.301259
327.569 0.301065
327.669 0.300871
327.769 0.300677
327.869 0.300483
327.969 0.300289
328.069 0.300095
328.169 0.299901
328.269 0.299707
328.369 0.299513
328.469 0.299319
328.569 0.299125
328.669 0.298931
328.769 0.298737
328.869 0.298543
328.969 0.298349
329.069 0.298155
329.169 0.297961
329.269 0.297767
329.369 0.297574
329.469 0.29738
329.569 0.297186
329.669 0.296992
329.769 0.296798
329.869 0.296604
329.969 0.29641
330.069 0.296216
330.169 0.296022
330.27 0.295828
330.37 0.295634
330.47 0.29544
330.57 0.295246
330.67 0.295052
330.77 0.294858
330.87 0.294664
330.97 0.29447
331.07 0.294276
331.17 0.294082
331.27 0.293888
331.37 0.293694
331.47 0.2935
331.57 0.293306
331.67 0.293112
331.77 0.292918
331.87 0.292725
331.97 0.292531
332.07 0.292337
332.17 0.292143
332.27 0.291949
332.37 0.291755
332.47 0.291561
332.57 0.291367
332.67 0.291173
332.77 0.290979
332.87 0.290785
332.97 0.290591
333.07 0.290397
333.17 0.290203
333.27 0.290009
333.37 0.289815
333.47 0.289621
333.57 0.289427
333.67 0.289233
333.77 0.289039
333.87 0.288845
333.97 0.288651
334.07 0.288457
334.17 0.288263
334.27 0.28807
334.37 0.287876
334.47 0.287682
334.57 0.287488
334.67 0.287294
334.77 0.2871
334.87 0.286906
334.97 0.286712
335.07 0.286518
335.17 0.286324
335.27 0.28613
335.37 0.285936
335.47 0.285742
335.571 0.285548
335.671 0.285354
335.771 0.28516
335.871 0.284966
335.971 0.284772
336.071 0.284578
336.171 0.284384
336.271 0.28419
336.371 0.283996
336.471 0.283802
336.571 0.283608
336.671 0.283414
336.771 0.283221
336.871 0.283027
336.971 0.282833
337.071 0.282639
337.171 0.282445
337.271 0.282251
337.371 0.282057
337.471 0.281863
337.571 0.281669
337.671 0.281475
337.771 0.281281
337.871 0.281087
337.971 0.280893
338.071 0.280699
338.171 0.280505
338.271 0.280311
338.371 0.280117
338.471 0.279923
338.571 0.279729
338.671 0.279535
338.771 0.279341
338.871 0.279147
338.971 0.278953
339.071 0.278759
339.171 0.278566
339.271 0.278372
339.371 0.278178
339.471 0.277984
339.571 0.27779
339.671 0.277596
339.771 0.277402
339.871 0.277208
339.971 0.277014
340.071 0.27682
340.171 0.276626
340.271 0.276432
340.371 0.276238
340.471 0.276044
340.571 0.27585
340.671 0.275656
340.772 0.275462
340.872 0.275268
340.972 0.275074
341.072 0.27488
341.172 0.274686
341.272 0.274492
341.372 0.274298
341.472 0.274104
341.572 0.27391
341.672 0.273717
341.772 0.273523
341.872 0.273329
341.972 0.273135
342.072 0.272941
342.172 0.272747
342.272 0.272553
342.372 0.272359
342.472 0.272165
342.572 0.271971
342.672 0.271777
342.772 0.271583
342.872 0.271389
342.972 0.271195
343.072 0.271001
343.172 0.270807
343.272 0.270613
343.372 0.270419
343.472 0.270225
343.572 0.270031
343.672 0.269837
343.772 0.269643
343.872 0.269449
343.972 0.269255
344.072 0.269061
344.172 0.268867
344.272 0.268674
344.372 0.26848
344.472 0.268286
344.572 0.268092
344.672 0.267898
344.772 0.267704
344.872 0.26751
344.972 0.267316
345.072 0.267122
345.172 0.266928
345.272 0.266734
345.372 0.26654
345.472 0.266346
345.572 0.266152
345.672 0.265958
345.772 0.265764
345.872 0.26557
345.972 0.265376
346.073 0.265182
346.173 0.264988
346.273 0.264794
346.373 0.2646
346.473 0.264406
346.573 0.264212
346.673 0.264019
346.773 0.263825
346.873 0.263631
346.973 0.263437
347.073 0.263243
347.173 0.263049
347.273 0.262855
347.373 0.262661
347.473 0.262467
347.573 0.262273
347.673 0.262079
347.773 0.26188
347.873 0.261688
347.973 0.261497
348.073 0.261303
348.173 0.261109
348.273 0.260915
348.373 0.260721
348.473 0.260527
348.573 0.260333
348.673 0.260139
348.773 0.259945
348.873 0.259751
348.973 0.259557
349.073 0.259363
349.173 0.25917
349.273 0.258976
349.373 0.258782
349.473 0.258588
349.573 0.258394
349.673 0.2582
349.773 0.258006
349.873 0.257812
349.973 0.257618
350.073 0.257424
350.173 0.25723
350.273 0.257036
350.373 0.256842
350.473 0.256648
350.573 0.256454
350.673 0.25626
350.773 0.256066
350.873 0.255872
350.973 0.255678
351.073 0.255484
351.173 0.25529
351.274 0.255096
351.374 0.254902
351.474 0.254708
351.574 0.254514
351.674 0.254321
351.774 0.254127
351.874 0.253933
351.974 0.253739
352.074 0.253545
352.174 0.253351
352.274 0.253157
352.374 0.252963
352.474 0.252769
352.574 0.252575
352.674 0.252381
352.774 0.252187
352.874 0.251993
352.974 0.251799
353.074 0.251605
353.174 0.251411
353.274 0.251217
353.374 0.251023
353.474 0.250829
353.574 0.250635
353.674 0.250441
353.774 0.250247
353.874 0.250053
353.974 0.249859
354.074 0.249666
354.174 0.249472
354.274 0.249278
354.374 0.249084
354.474 0.24889
354.574 0.248696
354.674 0.248502
354.774 0.248308
354.874 0.248114
354.974 0.24792
355.074 0.247726
355.174 0.247532
355.274 0.247338
355.374 0.247144
355.474 0.24695
355.574 0.246756
355.674 0.246562
355.774 0.246368
355.874 0.246174
355.974 0.24598
356.074 0.245786
356.174 0.245592
356.274 0.245398
356.374 0.245204
356.474 0.24501
356.575 0.244817
356.675 0.244623
356.775 0.244429
356.875 0.244235
356.975 0.244041
357.075 0.243847
357.175 0.243653
357.275 0.243459
357.375 0.243265
357.475 0.243071
357.575 0.242877
357.675 0.242683
357.775 0.242489
357.875 0.242295
357.975 0.242101
358.075 0.241907
358.175 0.241713
358.275 0.241519
358.375 0.241325
358.475 0.241131
358.575 0.240937
358.675 0.240743
358.775 0.240549
358.875 0.240355
358.975 0.240161
359.075 0.239968
359.175 0.239774
359.275 0.23958
359.375 0.239386
359.475 0.239192
359.575 0.238998
359.675 0.238804
359.775 0.23861
359.875 0.238416
359.975 0.238222
360.075 0.238028
360.175 0.237834
360.275 0.23764
360.375 0.237446
360.475 0.237252
360.575 0.237058
360.675 0.236864
360.775 0.23667
360.875 0.236476
360.975 0.236282
361.075 0.236088
361.175 0.235894
361.275 0.2357
361.375 0.235506
361.475 0.235313
361.575 0.235119
361.675 0.234925
361.775 0.234731
361.876 0.234537
361.976 0.234343
362.076 0.234149
362.176 0.233952
362.276 0.233748
362.376 0.233544
362.476 0.23334
362.576 0.233136
362.676 0.232933
362.776 0.232738
362.876 0.232536
362.976 0.232333
363.076 0.232131
363.176 0.231929
363.276 0.231726
363.376 0.231524
363.476 0.231321
363.576 0.231119
363.676 0.230917
363.776 0.230718
363.876 0.230529
363.976 0.230341
364.076 0.230144
364.176 0.229943
364.276 0.229742
364.376 0.229541
364.476 0.229341
364.576 0.22914
364.676 0.228939
364.776 0.228738
364.876 0.22855
364.976 0.228372
365.076 0.228193
365.176 0.228014
365.276 0.227824
365.376 0.227631
365.476 0.227438
365.576 0.227246
365.676 0.227053
365.776 0.226861
365.876 0.226662
365.976 0.226436
366.076 0.22621
366.176 0.225984
366.276 0.225809
366.376 0.22564
366.476 0.22547
366.576 0.225301
366.676 0.225131
366.776 0.224961
366.876 0.224792
366.976 0.224622
367.077 0.224453
367.177 0.224257
367.277 0.224063
367.377 0.223857
367.477 0.223631
367.577 0.223406
367.677 0.223181
367.777 0.222956
367.877 0.22273
367.977 0.222505
368.077 0.22228
368.177 0.222055
368.277 0.221829
368.377 0.221663
368.477 0.221501
368.577 0.221338
368.677 0.221176
368.777 0.221013
368.877 0.220851
368.977 0.220689
369.077 0.220526
369.177 0.220364
369.277 0.220184
369.377 0.219975
369.477 0.219748
369.577 0.21952
369.677 0.219293
369.777 0.219066
369.877 0.218839
369.977 0.218612
370.077 0.218385
370.177 0.218158
370.277 0.217974
370.377 0.217813
370.477 0.217651
370.577 0.21749
370.677 0.217328
370.777 0.217167
370.877 0.216976
370.977 0.216777
371.077 0.216575
371.177 0.216372
371.277 0.21617
371.377 0.215967
371.477 0.215764
371.577 0.215562
371.677 0.215359
371.777 0.215156
371.877 0.214954
371.977 0.214754
372.077 0.214556
372.177 0.214375
372.277 0.214194
372.378 0.214013
372.478 0.213815
372.578 0.213598
372.678 0.213381
372.778 0.213165
372.878 0.212948
372.978 0.212731
373.078 0.212514
373.178 0.212297
373.278 0.212107
373.378 0.211919
373.478 0.211731
373.578 0.211543
373.678 0.211344
373.778 0.211126
373.878 0.210909
373.978 0.210691
374.078 0.210474
374.178 0.210256
374.278 0.210062
374.378 0.20989
374.478 0.209717
374.578 0.209545
374.678 0.209372
374.778 0.2092
374.878 0.209027
374.978 0.208855
375.078 0.208682
375.178 0.20851
375.278 0.208337
375.378 0.208146
375.478 0.207946
375.578 0.207733
375.678 0.207518
375.778 0.207303
375.878 0.207089
375.978 0.206874
376.078 0.206659
376.178 0.206444
376.278 0.206229
376.378 0.206014
376.478 0.205799
376.578 0.205598
376.678 0.205416
376.778 0.205234
376.878 0.205018
376.978 0.204803
377.078 0.204589
377.178 0.204374
377.278 0.20416
377.378 0.203945
377.478 0.203731
377.579 0.203516
377.679 0.203347
377.779 0.203182
377.879 0.203018
377.979 0.202854
378.079 0.20269
378.179 0.202525
378.279 0.202356
378.379 0.202156
378.479 0.201957
378.579 0.201757
378.679 0.201557
378.779 0.201358
378.879 0.201158
378.979 0.200958
379.079 0.200759
379.179 0.200559
379.279 0.200359
379.379 0.20016
379.479 0.19996
379.579 0.19976
379.679 0.199561
379.779 0.199361
379.879 0.199146
379.979 0.19893
380.079 0.198714
380.179 0.198499
380.279 0.198283
380.379 0.198067
380.479 0.197852
380.579 0.197636
380.679 0.197421
380.779 0.197205
380.879 0.196989
380.979 0.196783
381.079 0.196607
381.179 0.196432
381.279 0.196257
381.379 0.196082
381.479 0.19588
381.579 0.195674
381.679 0.195469
381.779 0.195264
381.879 0.195058
381.979 0.194853
382.079 0.194648
382.179 0.194442
382.279 0.194259
382.379 0.194075
382.479 0.193891
382.579 0.193707
382.679 0.193523
382.779 0.19334
382.88 0.193156
382.98 0.192972
383.08 0.192772
383.18 0.192573
383.28 0.192373
383.38 0.192173
383.48 0.191974
383.58 0.191774
383.68 0.191574
383.78 0.191375
383.88 0.191175
383.98 0.190976
384.08 0.190776
384.18 0.190576
384.28 0.190377
384.38 0.190177
384.48 0.189977
384.58 0.189778
384.68 0.189578
384.78 0.189378
384.88 0.189179
384.98 0.188979
385.08 0.188779
385.18 0.18858
385.28 0.18838
385.38 0.18818
385.48 0.187981
385.58 0.187781
385.68 0.187581
385.78 0.187382
385.88 0.187182
385.98 0.186982
386.08 0.186783
386.18 0.186583
386.28 0.186383
386.38 0.186184
386.48 0.185984
386.58 0.185784
386.68 0.185585
386.78 0.185385
386.88 0.185186
386.98 0.184986
387.08 0.184786
387.18 0.184587
387.28 0.184387
387.38 0.184187
387.48 0.183988
387.58 0.183788
387.68 0.183583
387.78 0.183372
387.88 0.18316
387.98 0.182954
388.081 0.182779
388.181 0.18259
388.281 0.18239
388.381 0.182191
388.481 0.181991
388.581 0.181791
388.681 0.181592
388.781 0.181392
388.881 0.181192
388.981 0.180993
389.081 0.180793
389.181 0.180593
389.281 0.180394
389.381 0.180194
389.481 0.179994
389.581 0.179795
389.681 0.179595
389.781 0.179396
389.881 0.179196
389.981 0.178996
390.081 0.178797
390.181 0.178597
390.281 0.178397
390.381 0.178198
390.481 0.177998
390.581 0.177798
390.681 0.177599
390.781 0.177399
390.881 0.177199
390.981 0.177
391.081 0.1768
391.181 0.1766
391.281 0.176401
391.381 0.176201
391.481 0.176001
391.581 0.175802
391.681 0.175602
391.781 0.175402
391.881 0.175203
391.981 0.175003
392.081 0.174803
392.181 0.174604
392.281 0.174404
392.381 0.174204
392.481 0.174005
392.581 0.173805
392.681 0.173605
392.781 0.173406
392.881 0.173206
392.981 0.173007
393.081 0.172807
393.181 0.172607
393.281 0.172408
393.382 0.172208
393.482 0.172008
393.582 0.171809
393.682 0.171609
393.782 0.171409
393.882 0.17121
393.982 0.17101
394.082 0.17081
394.182 0.170611
394.282 0.170411
394.382 0.170211
394.482 0.170012
394.582 0.169812
394.682 0.169612
394.782 0.169413
394.882 0.169213
394.982 0.169013
395.082 0.168814
395.182 0.168614
395.282 0.168414
395.382 0.168215
395.482 0.168015
395.582 0.167815
395.682 0.167616
395.782 0.167416
395.882 0.167217
395.982 0.167017
396.082 0.166817
396.182 0.166618
396.282 0.166418
396.382 0.166218
396.482 0.166019
396.582 0.165819
396.682 0.165619
396.782 0.16542
396.882 0.16522
396.982 0.16502
397.082 0.164821
397.182 0.164621
397.282 0.164421
397.382 0.164222
397.482 0.164022
397.582 0.163822
397.682 0.163623
397.782 0.163423
397.882 0.163223
397.982 0.163024
398.082 0.162824
398.182 0.162624
398.282 0.162425
398.382 0.162225
398.482 0.162025
398.583 0.161826
398.683 0.161626
398.783 0.161427
398.883 0.161227
398.983 0.161027
399.083 0.160828
399.183 0.160628
399.283 0.160428
399.383 0.160229
399.483 0.160029
399.583 0.159829
399.683 0.15963
399.783 0.15943
399.883 0.15923
399.983 0.159031
400.083 0.158831
400.183 0.158631
400.283 0.158432
400.383 0.158232
400.483 0.158032
400.583 0.157833
400.683 0.157633
400.783 0.157433
400.883 0.157234
400.983 0.157034
401.083 0.156834
401.183 0.156635
401.283 0.156435
401.383 0.156235
401.483 0.156036
401.583 0.155836
401.683 0.155637
401.783 0.155437
401.883 0.155237
401.983 0.155038
402.083 0.154838
402.183 0.154638
402.283 0.154439
402.383 0.154239
402.483 0.154039
402.583 0.15384
402.683 0.15364
402.783 0.15344
402.883 0.153241
402.983 0.153041
403.083 0.152841
403.183 0.152642
403.283 0.152442
403.383 0.152242
403.483 0.152043
403.583 0.151843
403.683 0.151643
403.783 0.151444
403.884 0.151244
403.984 0.151044
404.084 0.150845
404.184 0.150645
404.284 0.150445
404.384 0.150246
404.484 0.150046
404.584 0.149847
404.684 0.149647
404.784 0.149447
404.884 0.149248
404.984 0.149048
405.084 0.148848
405.184 0.148649
405.284 0.148449
405.384 0.148249
405.484 0.14805
405.584 0.14785
405.684 0.14765
405.784 0.147451
405.884 0.147251
405.984 0.147051
406.084 0.146852
406.184 0.146652
406.284 0.146452
406.384 0.146253
406.484 0.146053
406.584 0.145853
406.684 0.145654
406.784 0.145454
406.884 0.145254
406.984 0.145055
407.084 0.144855
407.184 0.144656
407.284 0.144456
407.384 0.144256
407.484 0.144057
407.584 0.143857
407.684 0.143657
407.784 0.143458
407.884 0.143258
407.984 0.143058
408.084 0.142859
408.184 0.142659
408.284 0.142459
408.384 0.14226
408.484 0.14206
408.584 0.14186
408.684 0.141661
408.784 0.141461
408.884 0.141261
408.984 0.141062
409.084 0.140862
409.185 0.140662
409.285 0.140463
409.385 0.140263
409.485 0.140063
409.585 0.139864
409.685 0.139664
409.785 0.139464
409.885 0.139265
409.985 0.139065
410.085 0.138865
410.185 0.138666
410.285 0.138466
410.385 0.138267
410.485 0.138067
410.585 0.137867
410.685 0.137668
410.785 0.137468
410.885 0.137268
410.985 0.137069
411.085 0.136869
411.185 0.136669
411.285 0.13647
411.385 0.13627
411.485 0.13607
411.585 0.135871
411.685 0.135671
411.785 0.135471
411.885 0.135272
411.985 0.135072
412.085 0.134872
412.185 0.134673
412.285 0.134473
412.385 0.134273
412.485 0.134074
412.585 0.133874
412.685 0.133674
412.785 0.133475
412.885 0.133275
412.985 0.133075
413.085 0.132876
413.185 0.132676
413.285 0.132477
413.385 0.132277
413.485 0.132077
413.585 0.131878
413.685 0.131678
413.785 0.131478
413.885 0.131279
413.985 0.131079
414.085 0.130879
414.185 0.13068
414.285 0.13048
414.386 0.13028
414.486 0.130081
414.586 0.129881
414.686 0.129681
414.786 0.129482
414.886 0.129282
414.986 0.129082
415.086 0.128883
415.186 0.128683
415.286 0.128483
415.386 0.128284
415.486 0.128084
415.586 0.127884
415.686 0.127685
415.786 0.127485
415.886 0.127285
415.986 0.127086
416.086 0.126886
416.186 0.126687
416.286 0.126487
416.386 0.126287
416.486 0.126088
416.586 0.125888
416.686 0.125688
416.786 0.125489
416.886 0.125289
416.986 0.125089
417.086 0.12489
417.186 0.12469
417.286 0.12449
417.386 0.124291
417.486 0.124091
417.586 0.123891
417.686 0.123692
417.786 0.123492
417.886 0.123292
417.986 0.123093
418.086 0.122893
418.186 0.122693
418.286 0.122494
418.386 0.122294
418.486 0.122094
418.586 0.121895
418.686 0.121695
418.786 0.121495
418.886 0.121296
418.986 0.121096
419.086 0.120897
419.186 0.120697
419.286 0.120497
419.386 0.120298
419.486 0.120098
419.586 0.119898
419.687 0.119699
419.787 0.119499
419.887 0.119299
419.987 0.1191
420.087 0.1189
420.187 0.1187
420.287 0.118501
420.387 0.118301
420.487 0.118101
420.587 0.117902
420.687 0.117702
420.787 0.117502
420.887 0.117303
420.987 0.117103
421.087 0.116903
421.187 0.116704
421.287 0.116504
421.387 0.116304
421.487 0.116105
421.587 0.115905
421.687 0.115705
421.787 0.115506
421.887 0.115306
421.987 0.115107
422.087 0.114907
422.187 0.114707
422.287 0.114508
422.387 0.114308
422.487 0.114108
422.587 0.113909
422.687 0.113709
422.787 0.113509
422.887 0.11331
422.987 0.11311
423.087 0.11291
423.187 0.112711
423.287 0.112511
423.387 0.112311
423.487 0.112112
423.587 0.111912
423.687 0.111712
423.787 0.111513
423.887 0.111313
423.987 0.111113
424.087 0.110914
424.187 0.110714
424.287 0.110514
424.387 0.110315
424.487 0.110115
424.587 0.109915
424.687 0.109716
424.787 0.109516
424.888 0.109317
424.988 0.109117
425.088 0.108917
425.188 0.108718
425.288 0.108518
425.388 0.108318
425.488 0.108119
425.588 0.107919
425.688 0.107719
425.788 0.10752
425.888 0.10732
425.988 0.10712
426.088 0.106921
426.188 0.106721
426.288 0.106521
426.388 0.106322
426.488 0.106122
426.588 0.105922
426.688 0.105723
426.788 0.105523
426.888 0.105323
426.988 0.105124
427.088 0.104924
427.188 0.104724
427.288 0.104525
427.388 0.104325
427.488 0.104125
427.588 0.103926
427.688 0.103726
427.788 0.103527
427.888 0.103327
427.988 0.103127
428.088 0.102928
428.188 0.102728
428.288 0.102528
428.388 0.102329
428.488 0.102129
428.588 0.101929
428.688 0.10173
428.788 0.10153
428.888 0.10133
428.988 0.101131
429.088 0.100931
429.188 0.100731
429.288 0.100532
429.388 0.100332
429.488 0.100132
429.588 0.0999327
429.688 0.099733
429.788 0.0995334
429.888 0.0993337
429.988 0.0991341
430.088 0.0989344
430.189 0.0987348
430.289 0.0985351
430.389 0.0983355
430.489 0.0981358
430.589 0.0979362
430.689 0.0977365
430.789 0.0975368
430.889 0.0973372
430.989 0.0971375
431.089 0.0969379
431.189 0.0967382
431.289 0.0965386
431.389 0.0963389
431.489 0.0961393
431.589 0.0959396
431.689 0.09574
431.789 0.0955403
431.889 0.0953407
431.989 0.095141
432.089 0.0949414
432.189 0.0947417
432.289 0.094542
432.389 0.0943424
432.489 0.0941427
432.589 0.0939431
432.689 0.0937434
432.789 0.0935438
432.889 0.0933441
432.989 0.0931444
433.089 0.0929448
433.189 0.0927451
433.289 0.0925455
433.389 0.0923458
433.489 0.0921462
433.589 0.0919465
433.689 0.0917469
433.789 0.0915472
433.889 0.0913475
433.989 0.0911479
434.089 0.0909482
434.189 0.0907486
434.289 0.0905489
434.389 0.0903493
434.489 0.0901496
434.589 0.0899499
434.689 0.0897503
434.789 0.0895506
434.889 0.089351
434.989 0.0891513
435.089 0.0889517
435.189 0.088752
435.289 0.0885523
435.39 0.0883527
435.49 0.088153
435.59 0.0879534
435.69 0.0877537
435.79 0.0875541
435.89 0.0873544
435.99 0.0871548
436.09 0.0869551
436.19 0.0867554
436.29 0.0865558
436.39 0.0863561
436.49 0.0861565
436.59 0.0859568
436.69 0.0857572
436.79 0.0855575
436.89 0.0853579
436.99 0.0851582
437.09 0.0849586
437.19 0.0847589
437.29 0.0845593
437.39 0.0843596
437.49 0.0841599
437.59 0.0839603
437.69 0.0837606
437.79 0.083561
437.89 0.0833613
437.99 0.0831617
438.09 0.082962
438.19 0.0827624
438.29 0.0825627
438.39 0.082363
438.49 0.0821634
438.59 0.0819637
438.69 0.0817641
438.79 0.0815644
438.89 0.0813648
438.99 0.0811651
