#########################################################################
:FileType xy  ASCII  EnSim 1.0
# Canadian Hydraulics Centre/National Research Council (c) 1998-2012
# DataType                 XY DataObject
#
:Application              BlueKenue
:Version                  3.3.4
:WrittenBy                sebastian
:CreationDate             Sun, Jul 30, 2023 12:29 PM
#
#------------------------------------------------------------------------
#
:AttributeName  1 
:AttributeUnits 1 m
:AttributeName  2 
:AttributeUnits 2 
:EndHeader
0 0.949998
0.0999994 0.949798
0.199999 0.949598
0.299998 0.949398
0.399998 0.949198
0.499997 0.948998
0.599997 0.948798
0.699996 0.948598
0.799996 0.948398
0.899995 0.948198
0.999994 0.947998
1.09999 0.947798
1.19999 0.947598
1.29999 0.947398
1.39999 0.947198
1.49999 0.946998
1.59999 0.946798
1.69999 0.946598
1.79999 0.946398
1.89999 0.946198
1.99999 0.945998
2.09999 0.945798
2.19999 0.945598
2.29999 0.945398
2.39999 0.945198
2.49999 0.944998
2.59999 0.944798
2.69998 0.944598
2.79998 0.944398
2.89998 0.944198
2.99998 0.943998
3.09998 0.943798
3.19998 0.943598
3.29998 0.943398
3.39998 0.943198
3.49998 0.942998
3.59998 0.942798
3.69998 0.942598
3.79998 0.942398
3.89998 0.942198
3.99998 0.941998
4.09998 0.941798
4.19998 0.941598
4.29998 0.941398
4.39998 0.941198
4.49997 0.940998
4.59997 0.940798
4.69997 0.940598
4.79997 0.940398
4.89997 0.940198
4.99997 0.939998
5.09997 0.939798
5.19997 0.939598
5.29997 0.939398
5.39997 0.939198
5.49997 0.938998
5.59997 0.938798
5.69997 0.938598
5.79997 0.938398
5.89997 0.938198
5.99997 0.937998
6.09997 0.937798
6.19997 0.937598
6.29996 0.937398
6.39996 0.937198
6.49996 0.936998
6.59996 0.936798
6.69996 0.936598
6.79996 0.936398
6.89996 0.936198
6.99996 0.935998
7.09996 0.935798
7.19996 0.935598
7.29996 0.935398
7.39996 0.935198
7.49996 0.934998
7.59996 0.934798
7.69996 0.934598
7.79996 0.934398
7.89996 0.934198
7.99996 0.933998
8.09995 0.933798
8.19995 0.933598
8.29995 0.933398
8.39995 0.933198
8.49995 0.932998
8.59995 0.932798
8.69995 0.932598
8.79995 0.932398
8.89995 0.932198
8.99995 0.931998
9.09995 0.931798
9.19995 0.931598
9.29995 0.931398
9.39995 0.931198
9.49995 0.930998
9.59995 0.930798
9.69995 0.930598
9.79995 0.930398
9.89994 0.930198
9.99994 0.929998
10.0999 0.929798
10.1999 0.929598
10.2999 0.929398
10.3999 0.929198
10.4999 0.928998
10.5999 0.928798
10.6999 0.928598
10.7999 0.928398
10.8999 0.928198
10.9999 0.927998
11.0999 0.927798
11.1999 0.927598
11.2999 0.927398
11.3999 0.927198
11.4999 0.926998
11.5999 0.926798
11.6999 0.926598
11.7999 0.926398
11.8999 0.926198
11.9999 0.925998
12.0999 0.925798
12.1999 0.925598
12.2999 0.925398
12.3999 0.925198
12.4999 0.924998
12.5999 0.924798
12.6999 0.924598
12.7999 0.924398
12.8999 0.924198
12.9999 0.923998
13.0999 0.923798
13.1999 0.923598
13.2999 0.923398
13.3999 0.923198
13.4999 0.922998
13.5999 0.922798
13.6999 0.922598
13.7999 0.922398
13.8999 0.922198
13.9999 0.921998
14.0999 0.921798
14.1999 0.921598
14.2999 0.921398
14.3999 0.921198
14.4999 0.920998
14.5999 0.920798
14.6999 0.920598
14.7999 0.920398
14.8999 0.920198
14.9999 0.919998
15.0999 0.919798
15.1999 0.919598
15.2999 0.919398
15.3999 0.919198
15.4999 0.918998
15.5999 0.918798
15.6999 0.918598
15.7999 0.918398
15.8999 0.918198
15.9999 0.917998
16.0999 0.917798
16.1999 0.917598
16.2999 0.917398
16.3999 0.917198
16.4999 0.916998
16.5999 0.916798
16.6999 0.916598
16.7999 0.916398
16.8999 0.916198
16.9999 0.915998
17.0999 0.915798
17.1999 0.915598
17.2999 0.915398
17.3999 0.915198
17.4999 0.914998
17.5999 0.914798
17.6999 0.914598
17.7999 0.914398
17.8999 0.914198
17.9999 0.913998
18.0999 0.913798
18.1999 0.913598
18.2999 0.913398
18.3999 0.913198
18.4999 0.912998
18.5999 0.912798
18.6999 0.912598
18.7999 0.912398
18.8999 0.912198
18.9999 0.911998
19.0999 0.911798
19.1999 0.911598
19.2999 0.911398
19.3999 0.911198
19.4999 0.910998
19.5999 0.910798
19.6999 0.910598
19.7999 0.910398
19.8999 0.910198
19.9999 0.909998
20.0999 0.909798
20.1999 0.909598
20.2999 0.909398
20.3999 0.909198
20.4999 0.908998
20.5999 0.908798
20.6999 0.908598
20.7999 0.908398
20.8999 0.908198
20.9999 0.907998
21.0999 0.907798
21.1999 0.907598
21.2999 0.907398
21.3999 0.907198
21.4999 0.906998
21.5999 0.906798
21.6999 0.906598
21.7999 0.906398
21.8999 0.906198
21.9999 0.905998
22.0999 0.905798
22.1999 0.905598
22.2999 0.905398
22.3999 0.905198
22.4999 0.904998
22.5999 0.904798
22.6999 0.904598
22.7999 0.904398
22.8999 0.904198
22.9999 0.903998
23.0999 0.903798
23.1999 0.903598
23.2999 0.903398
23.3999 0.903198
23.4999 0.902998
23.5999 0.902798
23.6999 0.902598
23.7999 0.902398
23.8999 0.902198
23.9999 0.901998
24.0999 0.901798
24.1999 0.901598
24.2999 0.901398
24.3999 0.901198
24.4999 0.900998
24.5999 0.900798
24.6999 0.900598
24.7999 0.900398
24.8999 0.900198
24.9999 0.899998
25.0999 0.899798
25.1999 0.899598
25.2999 0.899398
25.3999 0.899198
25.4999 0.898998
25.5999 0.898798
25.6999 0.898598
25.7999 0.898398
25.8999 0.898198
25.9999 0.897998
26.0999 0.897798
26.1999 0.897598
26.2999 0.897398
26.3999 0.897198
26.4999 0.896998
26.5999 0.896798
26.6999 0.896598
26.7999 0.896398
26.8999 0.896198
26.9998 0.895998
27.0998 0.895798
27.1998 0.895598
27.2998 0.895398
27.3998 0.895198
27.4998 0.894998
27.5998 0.894798
27.6998 0.894598
27.7998 0.894398
27.8998 0.894198
27.9998 0.893998
28.0998 0.893798
28.1998 0.893598
28.2998 0.893398
28.3998 0.893198
28.4998 0.892998
28.5998 0.892798
28.6998 0.892598
28.7998 0.892398
28.8998 0.892198
28.9998 0.891998
29.0998 0.891798
29.1998 0.891598
29.2998 0.891398
29.3998 0.891198
29.4998 0.890998
29.5998 0.890798
29.6998 0.890598
29.7998 0.890398
29.8998 0.890198
29.9998 0.889998
30.0998 0.889798
30.1998 0.889598
30.2998 0.889398
30.3998 0.889198
30.4998 0.888998
30.5998 0.888798
30.6998 0.888598
30.7998 0.888398
30.8998 0.888198
30.9998 0.887998
31.0998 0.887798
31.1998 0.887598
31.2998 0.887398
31.3998 0.887198
31.4998 0.886998
31.5998 0.886798
31.6998 0.886598
31.7998 0.886398
31.8998 0.886198
31.9998 0.885998
32.0998 0.885798
32.1998 0.885598
32.2998 0.885398
32.3998 0.885198
32.4998 0.884998
32.5998 0.884798
32.6998 0.884598
32.7998 0.884398
32.8998 0.884198
32.9998 0.883998
33.0998 0.883798
33.1998 0.883598
33.2998 0.883398
33.3998 0.883198
33.4998 0.882998
33.5998 0.882798
33.6998 0.882598
33.7998 0.882398
33.8998 0.882198
33.9998 0.881998
34.0998 0.881798
34.1998 0.881598
34.2998 0.881398
34.3998 0.881198
34.4998 0.880998
34.5998 0.880798
34.6998 0.880598
34.7998 0.880398
34.8998 0.880198
34.9998 0.879998
35.0998 0.879798
35.1998 0.879598
35.2998 0.879398
35.3998 0.879198
35.4998 0.878998
35.5998 0.878798
35.6998 0.878598
35.7998 0.878398
35.8998 0.878198
35.9998 0.877998
36.0998 0.877798
36.1998 0.877598
36.2998 0.877398
36.3998 0.877198
36.4998 0.876998
36.5998 0.876798
36.6998 0.876598
36.7998 0.876398
36.8998 0.876198
36.9998 0.875998
37.0998 0.875798
37.1998 0.875598
37.2998 0.875398
37.3998 0.875198
37.4998 0.874998
37.5998 0.874798
37.6998 0.874598
37.7998 0.874398
37.8998 0.874198
37.9998 0.873998
38.0998 0.873798
38.1998 0.873598
38.2998 0.873398
38.3998 0.873198
38.4998 0.872998
38.5998 0.872798
38.6998 0.872598
38.7998 0.872398
38.8998 0.872198
38.9998 0.871998
39.0998 0.871798
39.1998 0.871598
39.2998 0.871398
39.3998 0.871198
39.4998 0.870998
39.5998 0.870798
39.6998 0.870598
39.7998 0.870398
39.8998 0.870198
39.9998 0.869998
40.0998 0.869798
40.1998 0.869598
40.2998 0.869398
40.3998 0.869198
40.4998 0.868998
40.5998 0.868798
40.6998 0.868598
40.7998 0.868398
40.8998 0.868198
40.9998 0.867998
41.0998 0.867798
41.1998 0.867598
41.2998 0.867398
41.3998 0.867198
41.4998 0.866998
41.5998 0.866798
41.6998 0.866598
41.7998 0.866398
41.8998 0.866198
41.9998 0.865998
42.0998 0.865798
42.1998 0.865598
42.2998 0.865398
42.3998 0.865198
42.4998 0.864998
42.5998 0.864798
42.6998 0.864598
42.7998 0.864398
42.8998 0.864198
42.9998 0.863998
43.0998 0.863798
43.1998 0.863598
43.2998 0.863398
43.3998 0.863198
43.4998 0.862998
43.5998 0.862799
43.6998 0.862599
43.7998 0.862399
43.8998 0.862199
43.9998 0.861999
44.0998 0.861799
44.1998 0.861599
44.2998 0.861399
44.3998 0.861199
44.4998 0.860999
44.5998 0.860799
44.6998 0.860599
44.7998 0.860399
44.8998 0.860199
44.9998 0.859999
45.0997 0.859799
45.1997 0.859599
45.2997 0.859399
45.3997 0.859199
45.4997 0.858999
45.5997 0.858799
45.6997 0.858599
45.7997 0.858399
45.8997 0.858199
45.9997 0.857999
46.0997 0.857799
46.1997 0.857599
46.2997 0.857399
46.3997 0.857199
46.4997 0.856999
46.5997 0.856799
46.6997 0.856599
46.7997 0.856399
46.8997 0.856199
46.9997 0.855999
47.0997 0.855799
47.1997 0.855599
47.2997 0.855399
47.3997 0.855199
47.4997 0.854999
47.5997 0.854799
47.6997 0.854599
47.7997 0.854399
47.8997 0.854199
47.9997 0.853999
48.0997 0.853799
48.1997 0.853599
48.2997 0.853399
48.3997 0.853199
48.4997 0.852999
48.5997 0.852799
48.6997 0.852599
48.7997 0.852399
48.8997 0.852199
48.9997 0.851999
49.0997 0.851799
49.1997 0.851599
49.2997 0.851399
49.3997 0.851199
49.4997 0.850999
49.5997 0.850799
49.6997 0.850599
49.7997 0.850399
49.8997 0.850199
49.9997 0.849999
50.0997 0.849799
50.1997 0.849599
50.2997 0.849399
50.3997 0.849199
50.4997 0.848999
50.5997 0.848799
50.6997 0.848599
50.7997 0.848399
50.8997 0.848199
50.9997 0.847999
51.0997 0.847799
51.1997 0.847599
51.2997 0.847399
51.3997 0.847199
51.4997 0.846999
51.5997 0.846799
51.6997 0.846599
51.7997 0.846399
51.8997 0.846199
51.9997 0.845999
52.0997 0.845799
52.1997 0.845599
52.2997 0.845399
52.3997 0.845199
52.4997 0.844999
52.5997 0.844799
52.6997 0.844599
52.7997 0.844399
52.8997 0.844199
52.9997 0.843999
53.0997 0.843799
53.1997 0.843599
53.2997 0.843399
53.3997 0.843199
53.4997 0.842999
53.5997 0.842799
53.6997 0.842599
53.7997 0.842399
53.8997 0.842199
53.9997 0.841999
54.0997 0.841799
54.1997 0.841599
54.2997 0.841399
54.3997 0.841199
54.4997 0.840999
54.5997 0.840799
54.6997 0.840599
54.7997 0.840399
54.8997 0.840199
54.9997 0.839999
55.0997 0.839799
55.1997 0.839599
55.2997 0.839399
55.3997 0.839199
55.4997 0.838999
55.5997 0.838799
55.6997 0.838599
55.7997 0.838399
55.8997 0.838199
55.9997 0.837999
56.0997 0.837799
56.1997 0.837599
56.2997 0.837399
56.3997 0.837199
56.4997 0.836999
56.5997 0.836799
56.6997 0.836599
56.7997 0.836399
56.8997 0.836199
56.9997 0.835999
57.0997 0.835799
57.1997 0.835599
57.2997 0.835399
57.3997 0.835199
57.4997 0.834999
57.5997 0.834799
57.6997 0.834599
57.7997 0.834399
57.8997 0.834199
57.9997 0.833999
58.0997 0.833799
58.1997 0.833599
58.2997 0.833399
58.3997 0.833199
58.4997 0.832999
58.5997 0.832799
58.6997 0.832599
58.7997 0.832399
58.8997 0.832199
58.9997 0.831999
59.0997 0.831799
59.1997 0.831599
59.2997 0.831399
59.3997 0.831199
59.4997 0.830999
59.5997 0.830799
59.6997 0.830599
59.7997 0.830399
59.8997 0.830199
59.9997 0.829999
60.0997 0.829799
60.1997 0.829599
60.2997 0.829399
60.3997 0.829199
60.4997 0.828999
60.5997 0.828799
60.6997 0.828599
60.7997 0.828399
60.8997 0.828199
60.9997 0.827999
61.0997 0.827799
61.1997 0.827599
61.2997 0.827399
61.3997 0.827199
61.4997 0.826999
61.5997 0.826799
61.6997 0.826599
61.7997 0.826399
61.8997 0.826199
61.9997 0.825999
62.0997 0.825799
62.1997 0.825599
62.2997 0.825399
62.3997 0.825199
62.4997 0.824999
62.5997 0.824799
62.6997 0.824599
62.7997 0.824399
62.8997 0.824199
62.9996 0.823999
63.0996 0.823799
63.1996 0.823599
63.2996 0.823399
63.3996 0.823199
63.4996 0.822999
63.5996 0.822799
63.6996 0.822599
63.7996 0.822399
63.8996 0.822199
63.9996 0.821999
64.0996 0.821799
64.1996 0.821599
64.2996 0.821399
64.3996 0.821199
64.4996 0.820999
64.5996 0.820799
64.6996 0.820599
64.7996 0.820399
64.8996 0.820199
64.9996 0.819999
65.0996 0.819799
65.1996 0.819599
65.2996 0.819399
65.3996 0.819199
65.4996 0.818999
65.5996 0.818799
65.6996 0.818599
65.7996 0.818399
65.8996 0.818199
65.9996 0.817999
66.0996 0.817799
66.1996 0.817599
66.2996 0.817399
66.3996 0.817199
66.4996 0.816999
66.5996 0.816799
66.6996 0.816599
66.7996 0.816399
66.8996 0.816199
66.9996 0.815999
67.0996 0.815799
67.1996 0.815599
67.2996 0.815399
67.3996 0.815199
67.4996 0.814999
67.5996 0.814799
67.6996 0.814599
67.7996 0.814399
67.8996 0.814199
67.9996 0.813999
68.0996 0.813799
68.1996 0.813599
68.2996 0.813399
68.3996 0.813199
68.4996 0.812999
68.5996 0.812799
68.6996 0.812599
68.7996 0.812399
68.8996 0.812199
68.9996 0.811999
69.0996 0.811799
69.1996 0.811599
69.2996 0.811399
69.3996 0.811199
69.4996 0.810999
69.5996 0.810799
69.6996 0.810599
69.7996 0.810399
69.8996 0.810199
69.9996 0.809999
70.0996 0.809799
70.1996 0.809599
70.2996 0.809399
70.3996 0.809199
70.4996 0.808999
70.5996 0.808799
70.6996 0.808599
70.7996 0.808399
70.8996 0.808199
70.9996 0.807999
71.0996 0.807799
71.1996 0.807599
71.2996 0.807399
71.3996 0.807199
71.4996 0.806999
71.5996 0.806799
71.6996 0.806599
71.7996 0.806399
71.8996 0.806199
71.9996 0.805999
72.0996 0.805799
72.1996 0.805599
72.2996 0.805399
72.3996 0.805199
72.4996 0.804999
72.5996 0.804799
72.6996 0.804599
72.7996 0.804399
72.8996 0.804199
72.9996 0.803999
73.0996 0.803799
73.1996 0.803599
73.2996 0.803399
73.3996 0.803199
73.4996 0.802999
73.5996 0.802799
73.6996 0.802599
73.7996 0.802399
73.8996 0.802199
73.9996 0.801999
74.0996 0.801799
74.1996 0.801599
74.2996 0.801399
74.3996 0.801199
74.4996 0.800999
74.5996 0.800799
74.6996 0.800599
74.7996 0.800399
74.8996 0.800199
74.9996 0.799999
75.0996 0.799799
75.1996 0.799599
75.2996 0.799399
75.3996 0.799199
75.4996 0.798999
75.5996 0.798799
75.6996 0.798599
75.7996 0.798399
75.8996 0.798199
75.9996 0.797999
76.0996 0.797799
76.1996 0.797599
76.2996 0.797399
76.3996 0.797199
76.4996 0.796999
76.5996 0.796799
76.6996 0.796599
76.7996 0.796399
76.8996 0.796199
76.9996 0.795999
77.0996 0.795799
77.1996 0.795599
77.2996 0.795399
77.3996 0.795199
77.4996 0.794999
77.5996 0.794799
77.6996 0.794599
77.7996 0.794399
77.8996 0.794199
77.9996 0.793999
78.0996 0.793799
78.1996 0.793599
78.2996 0.793399
78.3996 0.793199
78.4996 0.792999
78.5996 0.792799
78.6996 0.792599
78.7996 0.792399
78.8996 0.792199
78.9996 0.791999
79.0996 0.791799
79.1996 0.791599
79.2996 0.791399
79.3996 0.791199
79.4996 0.790999
79.5996 0.790799
79.6996 0.790599
79.7996 0.790399
79.8996 0.790199
79.9996 0.789999
80.0996 0.789799
80.1996 0.789599
80.2996 0.789399
80.3996 0.789199
80.4996 0.788999
80.5996 0.788799
80.6996 0.788599
80.7996 0.788399
80.8996 0.788199
80.9996 0.787999
81.0995 0.787799
81.1995 0.787599
81.2995 0.787399
81.3995 0.787199
81.4995 0.786999
81.5995 0.786799
81.6995 0.786599
81.7995 0.786399
81.8995 0.786199
81.9995 0.785999
82.0995 0.785799
82.1995 0.785599
82.2995 0.785399
82.3995 0.785199
82.4995 0.784999
82.5995 0.784799
82.6995 0.784599
82.7995 0.784399
82.8995 0.784199
82.9995 0.783999
83.0995 0.783799
83.1995 0.783599
83.2995 0.783399
83.3995 0.783199
83.4995 0.782999
83.5995 0.782799
83.6995 0.782599
83.7995 0.782399
83.8995 0.782199
83.9995 0.781999
84.0995 0.781799
84.1995 0.781599
84.2995 0.781399
84.3995 0.781199
84.4995 0.780999
84.5995 0.780799
84.6995 0.780599
84.7995 0.780399
84.8995 0.780199
84.9995 0.779999
85.0995 0.779799
85.1995 0.779599
85.2995 0.779399
85.3995 0.779199
85.4995 0.778999
85.5995 0.778799
85.6995 0.778599
85.7995 0.778399
85.8995 0.778199
85.9995 0.777999
86.0995 0.777799
86.1995 0.777599
86.2995 0.777399
86.3995 0.777199
86.4995 0.776999
86.5995 0.776799
86.6995 0.776599
86.7995 0.776399
86.8995 0.776199
86.9995 0.775999
87.0995 0.775799
87.1995 0.775599
87.2995 0.775399
87.3995 0.775199
87.4995 0.774999
87.5995 0.774799
87.6995 0.774599
87.7995 0.774399
87.8995 0.774199
87.9995 0.773999
88.0995 0.773799
88.1995 0.773599
88.2995 0.773399
88.3995 0.773199
88.4995 0.772999
88.5995 0.772799
88.6995 0.772599
88.7995 0.772399
88.8995 0.772199
88.9995 0.771999
89.0995 0.771799
89.1995 0.771599
89.2995 0.771399
89.3995 0.771199
89.4995 0.770999
89.5995 0.770799
89.6995 0.770599
89.7995 0.770399
89.8995 0.770199
89.9995 0.769999
90.0995 0.769799
90.1995 0.769599
90.2995 0.769399
90.3995 0.769199
90.4995 0.768999
90.5995 0.768799
90.6995 0.768599
90.7995 0.768399
90.8995 0.768199
90.9995 0.767999
91.0995 0.767799
91.1995 0.767599
91.2995 0.767399
91.3995 0.767199
91.4995 0.766999
91.5995 0.766799
91.6995 0.766599
91.7995 0.766399
91.8995 0.766199
91.9995 0.765999
92.0995 0.765799
92.1995 0.765599
92.2995 0.765399
92.3995 0.765199
92.4995 0.764999
92.5995 0.764799
92.6995 0.764599
92.7995 0.764399
92.8995 0.764199
92.9995 0.763999
93.0995 0.763799
93.1995 0.763599
93.2995 0.763399
93.3995 0.763199
93.4995 0.762999
93.5995 0.762799
93.6995 0.762599
93.7995 0.762399
93.8995 0.762199
93.9995 0.761999
94.0995 0.761799
94.1995 0.761599
94.2995 0.761399
94.3995 0.761199
94.4995 0.760999
94.5995 0.760799
94.6995 0.760599
94.7995 0.760399
94.8995 0.760199
94.9995 0.759999
95.0995 0.759799
95.1995 0.759599
95.2995 0.759399
95.3995 0.759199
95.4995 0.758999
95.5995 0.758799
95.6995 0.758599
95.7995 0.758399
95.8995 0.758199
95.9995 0.757999
96.0995 0.757799
96.1995 0.757599
96.2995 0.757399
96.3995 0.757199
96.4995 0.756999
96.5995 0.756799
96.6995 0.756599
96.7995 0.756399
96.8995 0.756199
96.9995 0.755999
97.0995 0.755799
97.1995 0.755599
97.2995 0.755399
97.3995 0.755199
97.4995 0.754999
97.5995 0.754799
97.6995 0.754599
97.7995 0.754399
97.8995 0.754199
97.9995 0.753999
98.0995 0.753799
98.1995 0.753599
98.2995 0.753399
98.3995 0.753199
98.4995 0.752999
98.5995 0.752799
98.6995 0.752599
98.7995 0.752399
98.8995 0.752199
98.9995 0.751999
99.0994 0.751799
99.1994 0.751599
99.2994 0.751399
99.3994 0.751199
99.4994 0.750999
99.5994 0.750799
99.6994 0.750599
99.7994 0.750399
99.8994 0.750199
99.9994 0.749999
100.099 0.749799
100.199 0.749599
100.299 0.749399
100.399 0.749199
100.499 0.748999
100.599 0.748799
100.699 0.748599
100.799 0.748399
100.899 0.748199
100.999 0.747999
101.099 0.747799
101.199 0.747599
101.299 0.747399
101.399 0.747199
101.499 0.746999
101.599 0.746799
101.699 0.746599
101.799 0.746399
101.899 0.746199
101.999 0.745999
102.099 0.745799
102.199 0.745599
102.299 0.745399
102.399 0.745199
102.499 0.744999
102.599 0.744799
102.699 0.744599
102.799 0.744399
102.899 0.744199
102.999 0.743999
103.099 0.743799
103.199 0.743599
103.299 0.743399
103.399 0.743199
103.499 0.742999
103.599 0.742799
103.699 0.742599
103.799 0.742399
103.899 0.742199
103.999 0.741999
104.099 0.741799
104.199 0.741599
104.299 0.741399
104.399 0.741199
104.499 0.740999
104.599 0.740799
104.699 0.740599
104.799 0.740399
104.899 0.740199
104.999 0.739999
105.099 0.739799
105.199 0.739599
105.299 0.739399
105.399 0.739199
105.499 0.738999
105.599 0.738799
105.699 0.738599
105.799 0.738399
105.899 0.738199
105.999 0.737999
106.099 0.737799
106.199 0.737599
106.299 0.737399
106.399 0.737199
106.499 0.736999
106.599 0.736799
106.699 0.736599
106.799 0.736399
106.899 0.736199
106.999 0.735999
107.099 0.735799
107.199 0.735599
107.299 0.735399
107.399 0.735199
107.499 0.734999
107.599 0.734799
107.699 0.734599
107.799 0.734399
107.899 0.734199
107.999 0.733999
108.099 0.733799
108.199 0.733599
108.299 0.733399
108.399 0.733199
108.499 0.732999
108.599 0.732799
108.699 0.732599
108.799 0.732399
108.899 0.732199
108.999 0.731999
109.099 0.731799
109.199 0.731599
109.299 0.731399
109.399 0.731199
109.499 0.730999
109.599 0.730799
109.699 0.730599
109.799 0.730399
109.899 0.730199
109.999 0.729999
110.099 0.729799
110.199 0.729599
110.299 0.729399
110.399 0.729199
110.499 0.728999
110.599 0.728799
110.699 0.728599
110.799 0.728399
110.899 0.728199
110.999 0.727999
111.099 0.727799
111.199 0.727599
111.299 0.727399
111.399 0.727199
111.499 0.726999
111.599 0.726799
111.699 0.726599
111.799 0.726399
111.899 0.726199
111.999 0.725999
112.099 0.725799
112.199 0.725599
112.299 0.725399
112.399 0.725199
112.499 0.724999
112.599 0.724799
112.699 0.724599
112.799 0.724399
112.899 0.724199
112.999 0.723999
113.099 0.723799
113.199 0.723599
113.299 0.723399
113.399 0.723199
113.499 0.722999
113.599 0.722799
113.699 0.722599
113.799 0.722399
113.899 0.722199
113.999 0.721999
114.099 0.721799
114.199 0.721599
114.299 0.721399
114.399 0.721199
114.499 0.720999
114.599 0.720799
114.699 0.720599
114.799 0.720399
114.899 0.720199
114.999 0.719999
115.099 0.719799
115.199 0.719599
115.299 0.719399
115.399 0.719199
115.499 0.718999
115.599 0.718799
115.699 0.718599
115.799 0.718399
115.899 0.718199
115.999 0.717999
116.099 0.717799
116.199 0.717599
116.299 0.717399
116.399 0.717199
116.499 0.716999
116.599 0.716799
116.699 0.716599
116.799 0.716399
116.899 0.716199
116.999 0.715999
117.099 0.715799
117.199 0.715599
117.299 0.715399
117.399 0.715199
117.499 0.714999
117.599 0.714799
117.699 0.714599
117.799 0.714399
117.899 0.714199
117.999 0.713999
118.099 0.713799
118.199 0.713599
118.299 0.713399
118.399 0.713199
118.499 0.712999
118.599 0.712799
118.699 0.712599
118.799 0.712399
118.899 0.712199
118.999 0.711999
119.099 0.711799
119.199 0.711599
119.299 0.711399
119.399 0.711199
119.499 0.710999
119.599 0.710799
119.699 0.710599
119.799 0.710399
119.899 0.710199
119.999 0.709999
120.099 0.709799
120.199 0.709599
120.299 0.709399
120.399 0.709199
120.499 0.708999
120.599 0.708799
120.699 0.708599
120.799 0.708399
120.899 0.708199
120.999 0.707999
121.099 0.707799
121.199 0.707599
121.299 0.707399
121.399 0.707199
121.499 0.706999
121.599 0.706799
121.699 0.706599
121.799 0.706399
121.899 0.706199
121.999 0.705999
122.099 0.705799
122.199 0.705599
122.299 0.705399
122.399 0.705199
122.499 0.704999
122.599 0.704799
122.699 0.704599
122.799 0.704399
122.899 0.704199
122.999 0.703999
123.099 0.703799
123.199 0.703599
123.299 0.703399
123.399 0.703199
123.499 0.702999
123.599 0.702799
123.699 0.702599
123.799 0.702399
123.899 0.702199
123.999 0.701999
124.099 0.701799
124.199 0.701599
124.299 0.701399
124.399 0.701199
124.499 0.700999
124.599 0.700799
124.699 0.700599
124.799 0.700399
124.899 0.700199
124.999 0.699999
125.099 0.699799
125.199 0.699599
125.299 0.699399
125.399 0.699199
125.499 0.698999
125.599 0.698799
125.699 0.698599
125.799 0.698399
125.899 0.698199
125.999 0.697999
126.099 0.697799
126.199 0.697599
126.299 0.697399
126.399 0.697199
126.499 0.696999
126.599 0.696799
126.699 0.696599
126.799 0.696399
126.899 0.696199
126.999 0.695999
127.099 0.695799
127.199 0.695599
127.299 0.695399
127.399 0.695199
127.499 0.694999
127.599 0.694799
127.699 0.694599
127.799 0.694399
127.899 0.694199
127.999 0.693999
128.099 0.693799
128.199 0.693599
128.299 0.693399
128.399 0.693199
128.499 0.692999
128.599 0.692799
128.699 0.692599
128.799 0.692399
128.899 0.692199
128.999 0.691999
129.099 0.691799
129.199 0.691599
129.299 0.691399
129.399 0.691199
129.499 0.690999
129.599 0.690799
129.699 0.690599
129.799 0.690399
129.899 0.690199
129.999 0.689999
130.099 0.689799
130.199 0.689599
130.299 0.689399
130.399 0.689199
130.499 0.688999
130.599 0.688799
130.699 0.688599
130.799 0.688399
130.899 0.688199
130.999 0.687999
131.099 0.687799
131.199 0.687599
131.299 0.687399
131.399 0.687199
131.499 0.686999
131.599 0.686799
131.699 0.686599
131.799 0.686399
131.899 0.686199
131.999 0.685999
132.099 0.685799
132.199 0.685599
132.299 0.685399
132.399 0.685199
132.499 0.684999
132.599 0.684799
132.699 0.684599
132.799 0.684399
132.899 0.684199
132.999 0.683999
133.099 0.683799
133.199 0.683599
133.299 0.683399
133.399 0.683199
133.499 0.682999
133.599 0.682799
133.699 0.682599
133.799 0.682399
133.899 0.682199
133.999 0.681999
134.099 0.6818
134.199 0.6816
134.299 0.6814
134.399 0.6812
134.499 0.681
134.599 0.6808
134.699 0.6806
134.799 0.6804
134.899 0.6802
134.999 0.68
135.099 0.6798
135.199 0.6796
135.299 0.6794
135.399 0.6792
135.499 0.679
135.599 0.6788
135.699 0.6786
135.799 0.6784
135.899 0.6782
135.999 0.678
136.099 0.6778
136.199 0.6776
136.299 0.6774
136.399 0.6772
136.499 0.677
136.599 0.6768
136.699 0.6766
136.799 0.6764
136.899 0.6762
136.999 0.676
137.099 0.6758
137.199 0.6756
137.299 0.6754
137.399 0.6752
137.499 0.675
137.599 0.6748
137.699 0.6746
137.799 0.6744
137.899 0.6742
137.999 0.674
138.099 0.6738
138.199 0.6736
138.299 0.6734
138.399 0.6732
138.499 0.673
138.599 0.6728
138.699 0.6726
138.799 0.6724
138.899 0.6722
138.999 0.672
139.099 0.6718
139.199 0.6716
139.299 0.6714
139.399 0.6712
139.499 0.671
139.599 0.6708
139.699 0.6706
139.799 0.6704
139.899 0.6702
139.999 0.67
140.099 0.6698
140.199 0.6696
140.299 0.6694
140.399 0.6692
140.499 0.669
140.599 0.6688
140.699 0.6686
140.799 0.6684
140.899 0.6682
140.999 0.668
141.099 0.6678
141.199 0.6676
141.299 0.6674
141.399 0.6672
141.499 0.667
141.599 0.6668
141.699 0.6666
141.799 0.6664
141.899 0.6662
141.999 0.666
142.099 0.6658
142.199 0.6656
142.299 0.6654
142.399 0.6652
142.499 0.665
142.599 0.6648
142.699 0.6646
142.799 0.6644
142.899 0.6642
142.999 0.664
143.099 0.6638
143.199 0.6636
143.299 0.6634
143.399 0.6632
143.499 0.663
143.599 0.6628
143.699 0.6626
143.799 0.6624
143.899 0.6622
143.999 0.662
144.099 0.6618
144.199 0.6616
144.299 0.6614
144.399 0.6612
144.499 0.661
144.599 0.6608
144.699 0.6606
144.799 0.6604
144.899 0.6602
144.999 0.66
145.099 0.6598
145.199 0.6596
145.299 0.6594
145.399 0.6592
145.499 0.659
145.599 0.6588
145.699 0.6586
145.799 0.6584
145.899 0.6582
145.999 0.658
146.099 0.6578
146.199 0.6576
146.299 0.6574
146.399 0.6572
146.499 0.657
146.599 0.6568
146.699 0.6566
146.799 0.6564
146.899 0.6562
146.999 0.656
147.099 0.6558
147.199 0.6556
147.299 0.6554
147.399 0.6552
147.499 0.655
147.599 0.6548
147.699 0.6546
147.799 0.6544
147.899 0.6542
147.999 0.654
148.099 0.6538
148.199 0.6536
148.299 0.6534
148.399 0.6532
148.499 0.653
148.599 0.6528
148.699 0.6526
148.799 0.6524
148.899 0.6522
148.999 0.652
149.099 0.6518
149.199 0.6516
149.299 0.6514
149.399 0.6512
149.499 0.651
149.599 0.6508
149.699 0.6506
149.799 0.6504
149.899 0.6502
149.999 0.65
150.099 0.6498
150.199 0.6496
150.299 0.6494
150.399 0.6492
150.499 0.649
150.599 0.6488
150.699 0.6486
150.799 0.6484
150.899 0.6482
150.999 0.648
151.099 0.6478
151.199 0.6476
151.299 0.6474
151.399 0.6472
151.499 0.647
151.599 0.6468
151.699 0.6466
151.799 0.6464
151.899 0.6462
151.999 0.646
152.099 0.6458
152.199 0.6456
152.299 0.6454
152.399 0.6452
152.499 0.645
152.599 0.6448
152.699 0.6446
152.799 0.6444
152.899 0.6442
152.999 0.644
153.099 0.6438
153.199 0.6436
153.299 0.6434
153.399 0.6432
153.499 0.643
153.599 0.6428
153.699 0.6426
153.799 0.6424
153.899 0.6422
153.999 0.642
154.099 0.6418
154.199 0.6416
154.299 0.6414
154.399 0.6412
154.499 0.641
154.599 0.6408
154.699 0.6406
154.799 0.6404
154.899 0.6402
154.999 0.64
155.099 0.6398
155.199 0.6396
155.299 0.6394
155.399 0.6392
155.499 0.639
155.599 0.6388
155.699 0.6386
155.799 0.6384
155.899 0.6382
155.999 0.638
156.099 0.6378
156.199 0.6376
156.299 0.6374
156.399 0.6372
156.499 0.637
156.599 0.6368
156.699 0.6366
156.799 0.6364
156.899 0.6362
156.999 0.636
157.099 0.6358
157.199 0.6356
157.299 0.6354
157.399 0.6352
157.499 0.635
157.599 0.6348
157.699 0.6346
157.799 0.6344
157.899 0.6342
157.999 0.634
158.099 0.6338
158.199 0.6336
158.299 0.6334
158.399 0.6332
158.499 0.633
158.599 0.6328
158.699 0.6326
158.799 0.6324
158.899 0.6322
158.999 0.632
159.099 0.6318
159.199 0.6316
159.299 0.6314
159.399 0.6312
159.499 0.631
159.599 0.6308
159.699 0.6306
159.799 0.6304
159.899 0.6302
159.999 0.63
160.099 0.6298
160.199 0.6296
160.299 0.6294
160.399 0.6292
160.499 0.629
160.599 0.6288
160.699 0.6286
160.799 0.6284
160.899 0.6282
160.999 0.628
161.099 0.6278
161.199 0.6276
161.299 0.6274
161.399 0.6272
161.499 0.627
161.599 0.6268
161.699 0.6266
161.799 0.6264
161.899 0.6262
161.999 0.626
162.099 0.6258
162.199 0.6256
162.299 0.6254
162.399 0.6252
162.499 0.625
162.599 0.6248
162.699 0.6246
162.799 0.6244
162.899 0.6242
162.999 0.624
163.099 0.6238
163.199 0.6236
163.299 0.6234
163.399 0.6232
163.499 0.623
163.599 0.6228
163.699 0.6226
163.799 0.6224
163.899 0.6222
163.999 0.622
164.099 0.6218
164.199 0.6216
164.299 0.6214
164.399 0.6212
164.499 0.621
164.599 0.6208
164.699 0.6206
164.799 0.6204
164.899 0.6202
164.999 0.62
165.099 0.6198
165.199 0.6196
165.299 0.6194
165.399 0.6192
165.499 0.619
165.599 0.6188
165.699 0.6186
165.799 0.6184
165.899 0.6182
165.999 0.618
166.099 0.6178
166.199 0.6176
166.299 0.6174
166.399 0.6172
166.499 0.617
166.599 0.6168
166.699 0.6166
166.799 0.6164
166.899 0.6162
166.999 0.616
167.099 0.6158
167.199 0.6156
167.299 0.6154
167.399 0.6152
167.499 0.615
167.599 0.6148
167.699 0.6146
167.799 0.6144
167.899 0.6142
167.999 0.614
168.099 0.6138
168.199 0.6136
168.299 0.6134
168.399 0.6132
168.499 0.613
168.599 0.6128
168.699 0.6126
168.799 0.6124
168.899 0.6122
168.999 0.612
169.099 0.6118
169.199 0.6116
169.299 0.6114
169.399 0.6112
169.499 0.611
169.599 0.6108
169.699 0.6106
169.799 0.6104
169.899 0.6102
169.999 0.61
170.099 0.6098
170.199 0.6096
170.299 0.6094
170.399 0.6092
170.499 0.609
170.599 0.6088
170.699 0.6086
170.799 0.6084
170.899 0.6082
170.999 0.608
171.099 0.6078
171.199 0.6076
171.299 0.6074
171.399 0.6072
171.499 0.607
171.599 0.6068
171.699 0.6066
171.799 0.6064
171.899 0.6062
171.999 0.606
172.099 0.6058
172.199 0.6056
172.299 0.6054
172.399 0.6052
172.499 0.605
172.599 0.6048
172.699 0.6046
172.799 0.6044
172.899 0.6042
172.999 0.604
173.099 0.6038
173.199 0.6036
173.299 0.6034
173.399 0.6032
173.499 0.603
173.599 0.6028
173.699 0.6026
173.799 0.6024
173.899 0.6022
173.999 0.602
174.099 0.6018
174.199 0.6016
174.299 0.6014
174.399 0.6012
174.499 0.601
174.599 0.6008
174.699 0.6006
174.799 0.6004
174.899 0.6002
174.999 0.6
175.099 0.5998
175.199 0.5996
175.299 0.5994
175.399 0.5992
175.499 0.599
175.599 0.5988
175.699 0.5986
175.799 0.5984
175.899 0.5982
175.999 0.598
176.099 0.5978
176.199 0.5976
176.299 0.5974
176.399 0.5972
176.499 0.597
176.599 0.5968
176.699 0.5966
176.799 0.5964
176.899 0.5962
176.999 0.596
177.099 0.5958
177.199 0.5956
177.299 0.5954
177.399 0.5952
177.499 0.595
177.599 0.5948
177.699 0.5946
177.799 0.5944
177.899 0.5942
177.999 0.594
178.099 0.5938
178.199 0.5936
178.299 0.5934
178.399 0.5932
178.499 0.593
178.599 0.5928
178.699 0.5926
178.799 0.5924
178.899 0.5922
178.999 0.592
179.099 0.5918
179.199 0.5916
179.299 0.5914
179.399 0.5912
179.499 0.591
179.599 0.5908
179.699 0.5906
179.799 0.590398
179.899 0.590195
179.999 0.589992
180.099 0.58984
180.199 0.589689
180.299 0.589538
180.399 0.589387
180.499 0.589237
180.599 0.589087
180.699 0.588936
180.799 0.588786
180.899 0.588635
180.999 0.588484
181.098 0.588333
181.198 0.588181
181.298 0.58803
181.398 0.587878
181.498 0.587727
181.598 0.587575
181.698 0.587423
181.798 0.587272
181.898 0.58712
181.998 0.586969
182.098 0.586817
182.198 0.586666
182.298 0.586514
182.398 0.586363
182.498 0.586211
182.598 0.586059
182.698 0.585908
182.798 0.585756
182.898 0.585605
182.998 0.585453
183.098 0.585302
183.197 0.58515
183.297 0.584999
183.397 0.584847
183.497 0.584695
183.597 0.584544
183.697 0.584392
183.797 0.584241
183.897 0.584089
183.997 0.583938
184.097 0.583786
184.197 0.583634
184.297 0.583483
184.397 0.583331
184.497 0.58318
184.597 0.583028
184.697 0.582877
184.797 0.582725
184.897 0.582574
184.997 0.582422
185.097 0.58227
185.197 0.582119
185.296 0.581967
185.396 0.581816
185.496 0.581664
185.596 0.581513
185.696 0.581361
185.796 0.581209
185.896 0.581058
185.996 0.580906
186.096 0.580755
186.196 0.580596
186.296 0.580428
186.396 0.58026
186.496 0.580092
186.596 0.579924
186.696 0.579756
186.796 0.579588
186.896 0.57942
186.996 0.579252
187.096 0.579083
187.196 0.578915
187.296 0.578747
187.395 0.578577
187.495 0.578401
187.595 0.578196
187.695 0.577989
187.795 0.577782
187.895 0.577575
187.995 0.577369
188.095 0.577162
188.195 0.576955
188.295 0.576748
188.395 0.576541
188.495 0.576334
188.595 0.576127
188.695 0.57592
188.795 0.575714
188.895 0.575507
188.995 0.5753
189.095 0.575093
189.195 0.574886
189.295 0.574679
189.395 0.574472
189.494 0.574265
189.594 0.574059
189.694 0.573852
189.794 0.573645
189.894 0.573438
189.994 0.573231
190.094 0.573024
190.194 0.572817
190.294 0.57261
190.394 0.572404
190.494 0.572197
190.594 0.57199
190.694 0.571783
190.794 0.571576
190.894 0.571369
190.994 0.571162
191.094 0.570955
191.194 0.570749
191.294 0.570542
191.394 0.570335
191.494 0.570128
191.594 0.569921
191.693 0.569714
191.793 0.569507
191.893 0.5693
191.993 0.569094
192.093 0.568887
192.193 0.56868
192.293 0.568473
192.393 0.568266
192.493 0.568059
192.593 0.567852
192.693 0.567645
192.793 0.567439
192.893 0.567232
192.993 0.567025
193.093 0.566818
193.193 0.566611
193.293 0.566404
193.393 0.566197
193.493 0.56599
193.593 0.565783
193.693 0.565577
193.792 0.56537
193.892 0.565163
193.992 0.564956
194.092 0.564749
194.192 0.564542
194.292 0.564335
194.392 0.564128
194.492 0.563922
194.592 0.563715
194.692 0.563508
194.792 0.563301
194.892 0.563094
194.992 0.562887
195.092 0.56268
195.192 0.562473
195.292 0.562267
195.392 0.56206
195.492 0.561853
195.592 0.561646
195.692 0.561439
195.792 0.561232
195.891 0.561025
195.991 0.560818
196.091 0.560612
196.191 0.560405
196.291 0.560198
196.391 0.559991
196.491 0.559784
196.591 0.559577
196.691 0.55937
196.791 0.559163
196.891 0.558957
196.991 0.55875
197.091 0.558543
197.191 0.558336
197.291 0.558129
197.391 0.557922
197.491 0.557715
197.591 0.557508
197.691 0.557302
197.791 0.557095
197.891 0.556888
197.99 0.556681
198.09 0.556474
198.19 0.556267
198.29 0.55606
198.39 0.555853
198.49 0.555647
198.59 0.55544
198.69 0.555233
198.79 0.555026
198.89 0.554819
198.99 0.554612
199.09 0.554405
199.19 0.554198
199.29 0.553992
199.39 0.553785
199.49 0.553578
199.59 0.553371
199.69 0.553164
199.79 0.552957
199.89 0.55275
199.99 0.552543
200.089 0.552337
200.189 0.55213
200.289 0.551923
200.389 0.551716
200.489 0.551509
200.589 0.551302
200.689 0.551095
200.789 0.550888
200.889 0.550682
200.989 0.550475
201.089 0.550268
201.189 0.550061
201.289 0.549854
201.389 0.549647
201.489 0.54944
201.589 0.549233
201.689 0.549027
201.789 0.54882
201.889 0.548613
201.989 0.548406
202.089 0.548199
202.188 0.547992
202.288 0.547785
202.388 0.547578
202.488 0.547371
202.588 0.547165
202.688 0.546958
202.788 0.546751
202.888 0.546544
202.988 0.546337
203.088 0.54613
203.188 0.545923
203.288 0.545716
203.388 0.54551
203.488 0.545303
203.588 0.545096
203.688 0.544889
203.788 0.544682
203.888 0.544475
203.988 0.544268
204.088 0.544061
204.188 0.543855
204.287 0.543648
204.387 0.543441
204.487 0.543234
204.587 0.543027
204.687 0.54282
204.787 0.542613
204.887 0.542406
204.987 0.5422
205.087 0.541993
205.187 0.541786
205.287 0.541579
205.387 0.541372
205.487 0.541165
205.587 0.540958
205.687 0.540751
205.787 0.540545
205.887 0.540338
205.987 0.540131
206.087 0.539924
206.187 0.539717
206.287 0.53951
206.386 0.539303
206.486 0.539096
206.586 0.53889
206.686 0.538683
206.786 0.538476
206.886 0.538269
206.986 0.538062
207.086 0.537855
207.186 0.537648
207.286 0.537441
207.386 0.537235
207.486 0.537028
207.586 0.536821
207.686 0.536614
207.786 0.536407
207.886 0.5362
207.986 0.535993
208.086 0.535786
208.186 0.53558
208.286 0.535373
208.386 0.535166
208.485 0.534959
208.585 0.534752
208.685 0.534545
208.785 0.534338
208.885 0.534131
208.985 0.533925
209.085 0.533718
209.185 0.533511
209.285 0.533304
209.385 0.533097
209.485 0.53289
209.585 0.532683
209.685 0.532476
209.785 0.53227
209.885 0.532063
209.985 0.531856
210.085 0.531649
210.185 0.531442
210.285 0.531235
210.385 0.531028
210.485 0.530821
210.585 0.530615
210.684 0.530408
210.784 0.530201
210.884 0.529994
210.984 0.529787
211.084 0.52958
211.184 0.529373
211.284 0.529166
211.384 0.52896
211.484 0.528753
211.584 0.528546
211.684 0.528339
211.784 0.528132
211.884 0.527925
211.984 0.527718
212.084 0.527511
212.184 0.527304
212.284 0.527098
212.384 0.526891
212.484 0.526684
212.584 0.526477
212.684 0.52627
212.783 0.526063
212.883 0.525856
212.983 0.525649
213.083 0.525443
213.183 0.525236
213.283 0.525029
213.383 0.524822
213.483 0.524615
213.583 0.524408
213.683 0.524201
213.783 0.523994
213.883 0.523788
213.983 0.523581
214.083 0.523374
214.183 0.523167
214.283 0.52296
214.383 0.522753
214.483 0.522546
214.583 0.522339
214.683 0.522133
214.783 0.521926
214.882 0.521719
214.982 0.521512
215.082 0.521305
215.182 0.521098
215.282 0.520891
215.382 0.520684
215.482 0.520478
215.582 0.520271
215.682 0.520064
215.782 0.519857
215.882 0.51965
215.982 0.519443
216.082 0.519238
216.182 0.519033
216.282 0.518828
216.382 0.51862
216.482 0.518412
216.582 0.518204
216.682 0.517997
216.782 0.51779
216.882 0.517584
216.981 0.517377
217.081 0.517171
217.181 0.516964
217.281 0.516758
217.381 0.516551
217.481 0.516344
217.581 0.516138
217.681 0.515931
217.781 0.515725
217.881 0.515518
217.981 0.515312
218.081 0.515104
218.181 0.514897
218.281 0.51469
218.381 0.514483
218.481 0.514276
218.581 0.514069
218.681 0.513862
218.781 0.513654
218.881 0.513447
218.981 0.51324
219.08 0.513033
219.18 0.512826
219.28 0.512625
219.38 0.512423
219.48 0.512222
219.58 0.51202
219.68 0.511818
219.78 0.511614
219.88 0.51141
219.98 0.511206
220.08 0.511002
220.18 0.510798
220.28 0.510595
220.38 0.510393
220.48 0.51019
220.58 0.509988
220.68 0.509785
220.78 0.509583
220.88 0.50938
220.98 0.509178
221.08 0.508975
221.179 0.508772
221.279 0.50857
221.379 0.508367
221.479 0.508161
221.579 0.507956
221.679 0.50775
221.779 0.507545
221.879 0.507339
221.979 0.507134
222.079 0.506928
222.179 0.506723
222.279 0.506517
222.379 0.506311
222.479 0.506109
222.579 0.505906
222.679 0.505703
222.779 0.505501
222.879 0.505298
222.979 0.505095
223.079 0.504893
223.179 0.50469
223.278 0.504487
223.378 0.504285
223.478 0.504082
223.578 0.503879
223.678 0.503677
223.778 0.503474
223.878 0.503271
223.978 0.503069
224.078 0.502866
224.178 0.502663
224.278 0.502461
224.378 0.502258
224.478 0.502056
224.578 0.501853
224.678 0.50165
224.778 0.501448
224.878 0.501245
224.978 0.501042
225.078 0.50084
225.178 0.500637
225.278 0.500434
225.377 0.500232
225.477 0.500029
225.577 0.499826
225.677 0.499624
225.777 0.499421
225.877 0.499218
225.977 0.499016
226.077 0.498813
226.177 0.498611
226.277 0.498408
226.377 0.498205
226.477 0.498003
226.577 0.4978
226.677 0.497597
226.777 0.497395
226.877 0.497192
226.977 0.496989
227.077 0.496787
227.177 0.496584
227.277 0.496381
227.377 0.496179
227.476 0.495976
227.576 0.495773
227.676 0.495571
227.776 0.495368
227.876 0.495165
227.976 0.494963
228.076 0.49476
228.176 0.494558
228.276 0.494355
228.376 0.494152
228.476 0.49395
228.576 0.493747
228.676 0.493544
228.776 0.493342
228.876 0.493139
228.976 0.492936
229.076 0.492734
229.176 0.492531
229.276 0.492328
229.376 0.492126
229.476 0.491923
229.576 0.49172
229.675 0.491518
229.775 0.491315
229.875 0.491112
229.975 0.49091
230.075 0.490707
230.175 0.490505
230.275 0.490302
230.375 0.490099
230.475 0.489897
230.575 0.489694
230.675 0.489491
230.775 0.489289
230.875 0.489086
230.975 0.488883
231.075 0.488681
231.175 0.488478
231.275 0.488275
231.375 0.488073
231.475 0.48787
231.575 0.487667
231.675 0.487465
231.774 0.487262
231.874 0.48706
231.974 0.486857
232.074 0.486654
232.174 0.486452
232.274 0.486249
232.374 0.486046
232.474 0.485844
232.574 0.485641
232.674 0.485438
232.774 0.485236
232.874 0.485033
232.974 0.48483
233.074 0.484628
233.174 0.484425
233.274 0.484222
233.374 0.48402
233.474 0.483817
233.574 0.483614
233.674 0.483412
233.774 0.483209
233.873 0.483007
233.973 0.482804
234.073 0.482601
234.173 0.482399
234.273 0.482196
234.373 0.481993
234.473 0.481791
234.573 0.481588
234.673 0.481385
234.773 0.481183
234.873 0.48098
234.973 0.480777
235.073 0.480575
235.173 0.480372
235.273 0.480169
235.373 0.479967
235.473 0.479764
235.573 0.479561
235.673 0.479359
235.773 0.479156
235.873 0.478954
235.972 0.478751
236.072 0.478548
236.172 0.478346
236.272 0.478143
236.372 0.47794
236.472 0.477738
236.572 0.477535
236.672 0.477332
236.772 0.47713
236.872 0.476914
236.972 0.476679
237.072 0.476443
237.172 0.476208
237.272 0.475972
237.372 0.475736
237.472 0.475501
237.572 0.475265
237.672 0.47503
237.772 0.474794
237.872 0.474558
237.972 0.474323
238.071 0.474087
238.171 0.473852
238.271 0.473616
238.371 0.473383
238.471 0.47315
238.571 0.472927
238.671 0.472779
238.771 0.47263
238.871 0.472481
238.971 0.472333
239.071 0.472184
239.171 0.472036
239.271 0.471887
239.371 0.471738
239.471 0.47159
239.571 0.471441
239.671 0.471293
239.771 0.471144
239.871 0.470996
239.971 0.470847
240.071 0.470698
240.17 0.47055
240.27 0.470401
240.37 0.470253
240.47 0.470104
240.57 0.469955
240.67 0.469807
240.77 0.469658
240.87 0.46951
240.97 0.469361
241.07 0.469212
241.17 0.469064
241.27 0.468915
241.37 0.468767
241.47 0.468618
241.57 0.46847
241.67 0.468321
241.77 0.468172
241.87 0.468024
241.97 0.467875
242.07 0.467727
242.17 0.467578
242.269 0.467429
242.369 0.467281
242.469 0.467132
242.569 0.466984
242.669 0.466835
242.769 0.466686
242.869 0.466538
242.969 0.466389
243.069 0.466241
243.169 0.466092
243.269 0.465944
243.369 0.465795
243.469 0.465646
243.569 0.465498
243.669 0.465349
243.769 0.465201
243.869 0.465052
243.969 0.464903
244.069 0.464755
244.169 0.464606
244.269 0.464458
244.368 0.464309
244.468 0.46416
244.568 0.464012
244.668 0.463863
244.768 0.463715
244.868 0.463566
244.968 0.463418
245.068 0.463269
245.168 0.46312
245.268 0.462972
245.368 0.462823
245.468 0.462675
245.568 0.462526
245.668 0.462377
245.768 0.462229
245.868 0.46208
245.968 0.461932
246.068 0.461783
246.168 0.461634
246.268 0.461486
246.368 0.461337
246.467 0.461189
246.567 0.46104
246.667 0.460892
246.767 0.460743
246.867 0.460594
246.967 0.460446
247.067 0.460297
247.167 0.460149
247.267 0.46
247.367 0.4598
247.467 0.4596
247.567 0.4594
247.667 0.4592
247.767 0.459
247.867 0.4588
247.967 0.4586
248.067 0.4584
248.167 0.4582
248.267 0.458
248.367 0.4578
248.467 0.4576
248.567 0.4574
248.667 0.4572
248.767 0.457
248.867 0.4568
248.967 0.4566
249.067 0.4564
249.167 0.4562
249.267 0.456
249.367 0.4558
249.467 0.4556
249.567 0.4554
249.667 0.4552
249.767 0.455
249.867 0.4548
249.967 0.4546
250.067 0.4544
250.167 0.4542
250.267 0.454
250.367 0.4538
250.467 0.4536
250.567 0.4534
250.667 0.4532
250.767 0.453
250.867 0.4528
250.967 0.4526
251.067 0.4524
251.167 0.4522
251.267 0.452
251.367 0.4518
251.467 0.4516
251.567 0.4514
251.667 0.4512
251.767 0.451
251.867 0.4508
251.967 0.4506
252.067 0.4504
252.167 0.4502
252.267 0.45
252.367 0.4498
252.467 0.4496
252.567 0.4494
252.667 0.4492
252.767 0.449
252.867 0.4488
252.967 0.4486
253.067 0.4484
253.167 0.4482
253.267 0.448
253.367 0.4478
253.467 0.4476
253.567 0.4474
253.667 0.4472
253.767 0.447
253.867 0.4468
253.967 0.4466
254.067 0.4464
254.167 0.4462
254.267 0.446
254.367 0.4458
254.467 0.4456
254.567 0.4454
254.667 0.4452
254.767 0.445
254.867 0.4448
254.967 0.4446
255.067 0.4444
255.167 0.4442
255.267 0.444
255.367 0.4438
255.467 0.4436
255.567 0.4434
255.667 0.4432
255.767 0.443
255.867 0.4428
255.967 0.4426
256.067 0.4424
256.167 0.4422
256.267 0.442
256.367 0.4418
256.467 0.4416
256.567 0.4414
256.667 0.4412
256.767 0.441
256.867 0.4408
256.967 0.4406
257.067 0.4404
257.167 0.4402
257.267 0.44
257.367 0.4398
257.467 0.4396
257.567 0.4394
257.667 0.4392
257.767 0.439
257.867 0.4388
257.967 0.4386
258.067 0.4384
258.167 0.4382
258.267 0.438
258.367 0.4378
258.467 0.4376
258.567 0.4374
258.667 0.4372
258.767 0.437
258.867 0.4368
258.967 0.4366
259.067 0.4364
259.167 0.4362
259.267 0.436
259.367 0.4358
259.467 0.4356
259.567 0.4354
259.667 0.4352
259.767 0.435
259.867 0.4348
259.967 0.4346
260.067 0.4344
260.167 0.4342
260.267 0.434
260.367 0.4338
260.467 0.4336
260.567 0.4334
260.667 0.4332
260.767 0.433
260.867 0.4328
260.967 0.4326
261.067 0.4324
261.167 0.4322
261.267 0.432
261.367 0.4318
261.467 0.4316
261.567 0.4314
261.667 0.4312
261.767 0.431
261.867 0.4308
261.967 0.4306
262.067 0.4304
262.167 0.4302
262.267 0.43
262.367 0.4298
262.467 0.4296
262.567 0.4294
262.667 0.4292
262.767 0.429
262.867 0.4288
262.967 0.4286
263.067 0.4284
263.167 0.4282
263.267 0.428
263.367 0.4278
263.467 0.4276
263.567 0.4274
263.667 0.4272
263.767 0.427
263.867 0.4268
263.967 0.4266
264.067 0.4264
264.167 0.4262
264.267 0.426
264.367 0.4258
264.467 0.4256
264.567 0.4254
264.667 0.4252
264.767 0.425
264.867 0.4248
264.967 0.4246
265.067 0.4244
265.167 0.4242
265.267 0.424
265.367 0.4238
265.467 0.4236
265.567 0.4234
265.667 0.4232
265.767 0.423
265.867 0.4228
265.967 0.4226
266.067 0.4224
266.167 0.4222
266.267 0.422
266.367 0.4218
266.467 0.4216
266.567 0.4214
266.667 0.4212
266.767 0.421
266.867 0.4208
266.967 0.4206
267.067 0.4204
267.167 0.4202
267.267 0.42
267.367 0.4198
267.467 0.4196
267.567 0.4194
267.667 0.4192
267.767 0.419
267.867 0.4188
267.967 0.4186
268.067 0.4184
268.167 0.4182
268.267 0.418
268.367 0.4178
268.467 0.4176
268.567 0.4174
268.667 0.4172
268.767 0.417
268.867 0.4168
268.967 0.4166
269.067 0.4164
269.167 0.4162
269.267 0.416
269.367 0.4158
269.467 0.4156
269.567 0.4154
269.667 0.4152
269.767 0.415
269.867 0.4148
269.967 0.4146
270.067 0.4144
270.167 0.4142
270.267 0.414
270.367 0.4138
270.467 0.4136
270.567 0.4134
270.667 0.4132
270.767 0.413
270.867 0.4128
270.967 0.4126
271.067 0.4124
271.167 0.4122
271.267 0.412
271.367 0.4118
271.467 0.4116
271.567 0.4114
271.667 0.4112
271.767 0.411
271.867 0.4108
271.967 0.4106
272.067 0.4104
272.167 0.4102
272.267 0.41
272.367 0.4098
272.467 0.4096
272.567 0.4094
272.667 0.4092
272.767 0.409
272.867 0.4088
272.967 0.4086
273.067 0.4084
273.167 0.4082
273.267 0.408
273.367 0.4078
273.467 0.4076
273.567 0.4074
273.667 0.4072
273.767 0.407
273.867 0.4068
273.967 0.4066
274.067 0.4064
274.167 0.4062
274.267 0.406
274.367 0.4058
274.467 0.4056
274.567 0.4054
274.667 0.4052
274.767 0.405
274.867 0.4048
274.967 0.4046
275.067 0.4044
275.167 0.4042
275.267 0.404
275.367 0.4038
275.467 0.4036
275.567 0.4034
275.667 0.4032
275.767 0.403
275.867 0.4028
275.967 0.4026
276.067 0.4024
276.167 0.4022
276.267 0.402
276.367 0.4018
276.467 0.4016
276.567 0.4014
276.667 0.4012
276.767 0.401
276.867 0.4008
276.967 0.4006
277.067 0.4004
277.167 0.4002
277.267 0.4
277.367 0.3998
277.467 0.3996
277.567 0.3994
277.667 0.3992
277.767 0.399
277.867 0.3988
277.967 0.3986
278.067 0.3984
278.167 0.3982
278.267 0.398
278.367 0.3978
278.467 0.3976
278.567 0.3974
278.667 0.3972
278.767 0.397
278.867 0.3968
278.967 0.3966
279.067 0.3964
279.167 0.3962
279.267 0.396
279.367 0.3958
279.467 0.3956
279.567 0.3954
279.667 0.3952
279.767 0.395
279.867 0.3948
279.967 0.3946
280.067 0.3944
280.167 0.3942
280.267 0.394
280.367 0.3938
280.467 0.3936
280.567 0.3934
280.667 0.3932
280.767 0.393
280.867 0.3928
280.967 0.3926
281.067 0.3924
281.167 0.3922
281.267 0.392
281.367 0.3918
281.467 0.3916
281.567 0.3914
281.667 0.3912
281.767 0.391
281.867 0.3908
281.967 0.3906
282.067 0.3904
282.167 0.3902
282.267 0.39
282.367 0.3898
282.467 0.3896
282.567 0.3894
282.667 0.3892
282.767 0.389
282.867 0.3888
282.967 0.3886
283.067 0.3884
283.167 0.3882
283.267 0.388
283.367 0.3878
283.467 0.3876
283.567 0.3874
283.667 0.3872
283.767 0.387
283.867 0.3868
283.967 0.3866
284.067 0.3864
284.167 0.3862
284.267 0.386
284.367 0.3858
284.467 0.3856
284.567 0.3854
284.667 0.3852
284.767 0.385
284.867 0.3848
284.967 0.3846
285.067 0.3844
285.167 0.3842
285.267 0.384
285.367 0.3838
285.467 0.3836
285.567 0.3834
285.667 0.3832
285.767 0.383
285.867 0.3828
285.967 0.3826
286.067 0.3824
286.167 0.3822
286.267 0.382
286.367 0.3818
286.467 0.3816
286.567 0.3814
286.667 0.3812
286.767 0.381
286.867 0.3808
286.967 0.3806
287.067 0.3804
287.167 0.3802
287.267 0.38
287.367 0.3798
287.467 0.3796
287.567 0.3794
287.667 0.3792
287.767 0.379
287.867 0.3788
287.967 0.3786
288.067 0.3784
288.167 0.3782
288.267 0.378
288.367 0.3778
288.467 0.3776
288.567 0.3774
288.667 0.3772
288.767 0.377
288.867 0.3768
288.967 0.3766
289.067 0.3764
289.167 0.3762
289.267 0.376
289.367 0.3758
289.467 0.3756
289.567 0.3754
289.667 0.3752
289.767 0.375
289.867 0.3748
289.967 0.3746
290.067 0.3744
290.167 0.3742
290.267 0.374
290.367 0.3738
290.467 0.3736
290.567 0.3734
290.667 0.3732
290.767 0.373
290.867 0.3728
290.967 0.3726
291.067 0.3724
291.167 0.3722
291.267 0.372
291.367 0.3718
291.467 0.3716
291.567 0.3714
291.667 0.3712
291.767 0.371
291.867 0.3708
291.967 0.3706
292.067 0.3704
292.167 0.3702
292.267 0.37
292.367 0.3698
292.467 0.3696
292.567 0.3694
292.667 0.3692
292.767 0.369
292.867 0.3688
292.967 0.3686
293.067 0.3684
293.167 0.3682
293.267 0.368
293.367 0.3678
293.467 0.3676
293.567 0.3674
293.667 0.3672
293.767 0.367
293.867 0.3668
293.967 0.3666
294.067 0.3664
294.167 0.3662
294.267 0.366
294.367 0.3658
294.467 0.3656
294.567 0.3654
294.667 0.3652
294.767 0.365
294.867 0.3648
294.967 0.3646
295.067 0.3644
295.167 0.3642
295.267 0.364
295.367 0.3638
295.467 0.3636
295.567 0.3634
295.667 0.3632
295.767 0.363
295.867 0.3628
295.967 0.3626
296.067 0.3624
296.167 0.3622
296.267 0.362
296.367 0.3618
296.467 0.3616
296.567 0.3614
296.667 0.3612
296.767 0.361
296.867 0.3608
296.967 0.3606
297.067 0.3604
297.167 0.3602
297.267 0.36
297.367 0.3598
297.467 0.3596
297.567 0.3594
297.667 0.3592
297.767 0.359
297.867 0.3588
297.967 0.3586
298.067 0.3584
298.167 0.3582
298.267 0.358
298.367 0.3578
298.467 0.3576
298.567 0.3574
298.667 0.3572
298.767 0.357
298.867 0.3568
298.967 0.3566
299.067 0.3564
299.167 0.3562
299.267 0.356
299.367 0.3558
299.467 0.3556
299.567 0.3554
299.667 0.3552
299.767 0.355
299.867 0.3548
299.967 0.3546
300.067 0.3544
300.167 0.3542
300.267 0.354
300.367 0.3538
300.467 0.3536
300.567 0.3534
300.667 0.3532
300.767 0.353
300.867 0.3528
300.967 0.3526
301.067 0.3524
301.167 0.3522
301.267 0.352
301.367 0.3518
301.467 0.3516
301.567 0.3514
301.667 0.3512
301.767 0.351
301.867 0.3508
301.967 0.3506
302.067 0.3504
302.167 0.3502
302.267 0.35
302.367 0.3498
302.467 0.3496
302.567 0.3494
302.667 0.3492
302.767 0.349
302.867 0.3488
302.967 0.3486
303.067 0.3484
303.167 0.3482
303.267 0.348
303.367 0.3478
303.467 0.3476
303.567 0.3474
303.667 0.3472
303.767 0.347
303.867 0.3468
303.967 0.3466
304.067 0.3464
304.167 0.3462
304.267 0.346
304.367 0.3458
304.467 0.3456
304.567 0.3454
304.667 0.3452
304.767 0.345
304.867 0.3448
304.967 0.3446
305.067 0.3444
305.167 0.3442
305.267 0.344
305.367 0.3438
305.467 0.3436
305.567 0.3434
305.667 0.3432
305.767 0.343
305.867 0.3428
305.967 0.3426
306.067 0.3424
306.167 0.3422
306.267 0.342
306.367 0.3418
306.467 0.3416
306.567 0.3414
306.667 0.3412
306.767 0.341
306.867 0.3408
306.967 0.3406
307.067 0.3404
307.167 0.3402
307.267 0.34
307.367 0.3398
307.467 0.3396
307.567 0.3394
307.667 0.3392
307.767 0.339
307.867 0.3388
307.967 0.3386
308.067 0.3384
308.167 0.3382
308.267 0.338
308.367 0.3378
308.467 0.3376
308.567 0.3374
308.667 0.3372
308.767 0.337
308.867 0.3368
308.967 0.3366
309.067 0.3364
309.167 0.3362
309.267 0.336
309.367 0.3358
309.467 0.3356
309.567 0.3354
309.667 0.3352
309.767 0.335
309.867 0.3348
309.967 0.3346
310.067 0.3344
310.167 0.3342
310.267 0.334
310.367 0.3338
310.467 0.3336
310.567 0.3334
310.667 0.3332
310.767 0.333
310.867 0.3328
310.967 0.3326
311.067 0.3324
311.167 0.3322
311.267 0.332
311.367 0.3318
311.467 0.3316
311.567 0.3314
311.667 0.3312
311.767 0.331
311.867 0.3308
311.967 0.3306
312.067 0.3304
312.167 0.3302
312.267 0.33
312.367 0.3298
312.467 0.3296
312.567 0.3294
312.667 0.3292
312.767 0.329
312.867 0.3288
312.967 0.3286
313.067 0.3284
313.167 0.3282
313.267 0.328
313.367 0.3278
313.467 0.3276
313.567 0.3274
313.667 0.3272
313.767 0.327
313.867 0.3268
313.967 0.3266
314.067 0.3264
314.167 0.3262
314.267 0.326
314.367 0.3258
314.467 0.3256
314.567 0.3254
314.667 0.3252
314.767 0.325
314.867 0.3248
314.967 0.3246
315.067 0.3244
315.167 0.3242
315.267 0.324
315.367 0.3238
315.467 0.3236
315.567 0.3234
315.667 0.3232
315.767 0.323
315.867 0.3228
315.967 0.3226
316.067 0.3224
316.167 0.3222
316.267 0.322
316.367 0.3218
316.467 0.3216
316.567 0.3214
316.667 0.3212
316.767 0.321
316.867 0.3208
316.967 0.3206
317.067 0.3204
317.167 0.3202
317.267 0.32
317.367 0.3198
317.467 0.3196
317.567 0.3194
317.667 0.3192
317.767 0.319
317.867 0.3188
317.967 0.3186
318.067 0.3184
318.167 0.3182
318.267 0.318
318.367 0.3178
318.467 0.3176
318.567 0.3174
318.667 0.3172
318.767 0.317
318.867 0.3168
318.967 0.3166
319.067 0.3164
319.167 0.3162
319.267 0.316
319.367 0.3158
319.467 0.3156
319.567 0.3154
319.667 0.3152
319.767 0.315
319.867 0.3148
319.967 0.3146
320.067 0.3144
320.167 0.3142
320.267 0.314
320.367 0.3138
320.467 0.3136
320.567 0.3134
320.667 0.3132
320.767 0.313
320.867 0.3128
320.967 0.3126
321.067 0.3124
321.167 0.3122
321.267 0.312
321.367 0.3118
321.467 0.3116
321.567 0.3114
321.667 0.3112
321.767 0.311
321.867 0.3108
321.967 0.3106
322.067 0.3104
322.167 0.3102
322.267 0.31
322.367 0.3098
322.467 0.3096
322.567 0.3094
322.667 0.3092
322.767 0.309
322.867 0.3088
322.967 0.3086
323.067 0.3084
323.167 0.3082
323.267 0.308
323.367 0.3078
323.467 0.3076
323.567 0.3074
323.667 0.3072
323.767 0.307
323.867 0.3068
323.967 0.3066
324.067 0.3064
324.167 0.3062
324.267 0.306
324.367 0.3058
324.467 0.3056
324.567 0.3054
324.667 0.3052
324.767 0.305
324.867 0.3048
324.967 0.3046
325.067 0.3044
325.167 0.3042
325.267 0.304
325.367 0.3038
325.467 0.3036
325.567 0.3034
325.667 0.3032
325.767 0.303
325.867 0.3028
325.967 0.3026
326.067 0.3024
326.167 0.3022
326.267 0.302
326.367 0.3018
326.467 0.3016
326.567 0.3014
326.667 0.3012
326.767 0.301
326.867 0.3008
326.967 0.3006
327.067 0.3004
327.167 0.3002
327.267 0.3
327.367 0.2998
327.467 0.2996
327.567 0.2994
327.667 0.2992
327.767 0.299
327.867 0.2988
327.967 0.2986
328.067 0.2984
328.167 0.2982
328.267 0.298
328.367 0.2978
328.467 0.2976
328.567 0.2974
328.667 0.2972
328.767 0.297
328.867 0.2968
328.967 0.2966
329.067 0.2964
329.167 0.2962
329.267 0.296
329.367 0.2958
329.467 0.2956
329.567 0.2954
329.667 0.2952
329.767 0.295
329.867 0.2948
329.967 0.2946
330.067 0.2944
330.167 0.2942
330.267 0.294
330.367 0.2938
330.467 0.2936
330.567 0.2934
330.667 0.2932
330.767 0.293
330.867 0.2928
330.967 0.2926
331.067 0.2924
331.167 0.2922
331.267 0.292
331.367 0.2918
331.467 0.2916
331.567 0.2914
331.667 0.2912
331.767 0.291
331.867 0.2908
331.967 0.2906
332.067 0.2904
332.167 0.2902
332.267 0.29
332.367 0.2898
332.467 0.2896
332.567 0.2894
332.667 0.2892
332.767 0.289
332.867 0.2888
332.967 0.2886
333.067 0.2884
333.167 0.2882
333.267 0.288
333.367 0.2878
333.467 0.2876
333.567 0.2874
333.667 0.2872
333.767 0.287
333.867 0.2868
333.967 0.2866
334.067 0.2864
334.167 0.2862
334.267 0.286
334.367 0.2858
334.467 0.2856
334.567 0.2854
334.667 0.2852
334.767 0.285
334.867 0.2848
334.967 0.2846
335.067 0.2844
335.167 0.2842
335.267 0.284
335.367 0.2838
335.467 0.2836
335.567 0.2834
335.667 0.2832
335.767 0.283
335.867 0.2828
335.967 0.2826
336.067 0.2824
336.167 0.2822
336.267 0.282
336.367 0.2818
336.467 0.2816
336.567 0.2814
336.667 0.2812
336.767 0.281
336.867 0.2808
336.967 0.2806
337.067 0.2804
337.167 0.2802
337.267 0.28
337.367 0.2798
337.467 0.2796
337.567 0.2794
337.667 0.2792
337.767 0.279
337.867 0.2788
337.967 0.2786
338.067 0.2784
338.167 0.2782
338.267 0.278
338.367 0.2778
338.467 0.2776
338.567 0.2774
338.667 0.2772
338.767 0.277
338.867 0.2768
338.967 0.2766
339.067 0.2764
339.167 0.2762
339.267 0.276
339.367 0.2758
339.467 0.2756
339.567 0.2754
339.667 0.2752
339.767 0.275
339.867 0.2748
339.967 0.2746
340.067 0.2744
340.167 0.2742
340.267 0.274
340.367 0.2738
340.467 0.2736
340.567 0.2734
340.667 0.2732
340.767 0.273
340.867 0.2728
340.967 0.2726
341.067 0.2724
341.167 0.2722
341.267 0.272
341.367 0.2718
341.467 0.2716
341.567 0.2714
341.667 0.2712
341.767 0.271
341.867 0.2708
341.967 0.2706
342.067 0.2704
342.167 0.2702
342.267 0.27
342.367 0.2698
342.467 0.2696
342.567 0.2694
342.667 0.2692
342.767 0.269
342.867 0.2688
342.967 0.2686
343.067 0.2684
343.167 0.2682
343.267 0.268
343.367 0.2678
343.467 0.2676
343.567 0.2674
343.667 0.2672
343.767 0.267
343.867 0.2668
343.967 0.2666
344.067 0.2664
344.167 0.2662
344.267 0.266
344.367 0.2658
344.467 0.2656
344.567 0.2654
344.667 0.2652
344.767 0.265
344.867 0.2648
344.967 0.2646
345.067 0.2644
345.167 0.2642
345.267 0.264
345.367 0.2638
345.467 0.2636
345.567 0.2634
345.667 0.2632
345.767 0.263
345.867 0.2628
345.967 0.2626
346.067 0.2624
346.167 0.2622
346.267 0.262
346.367 0.2618
346.467 0.2616
346.567 0.2614
346.667 0.2612
346.767 0.261
346.867 0.2608
346.967 0.2606
347.067 0.2604
347.167 0.2602
347.267 0.26
347.367 0.2598
347.467 0.2596
347.567 0.2594
347.667 0.2592
347.767 0.259
347.867 0.2588
347.967 0.2586
348.067 0.2584
348.167 0.2582
348.267 0.258
348.367 0.2578
348.467 0.2576
348.567 0.2574
348.667 0.2572
348.767 0.257
348.867 0.2568
348.967 0.2566
349.067 0.2564
349.167 0.2562
349.267 0.256
349.367 0.2558
349.467 0.2556
349.567 0.2554
349.667 0.2552
349.767 0.255
349.867 0.2548
349.967 0.2546
350.067 0.2544
350.167 0.2542
350.267 0.254
350.367 0.2538
350.467 0.2536
350.567 0.2534
350.667 0.2532
350.767 0.253
350.867 0.2528
350.967 0.2526
351.067 0.2524
351.167 0.2522
351.267 0.252
351.367 0.2518
351.467 0.2516
351.567 0.2514
351.667 0.2512
351.767 0.251
351.867 0.2508
351.967 0.2506
352.067 0.2504
352.167 0.2502
352.267 0.25
352.367 0.2498
352.467 0.2496
352.567 0.2494
352.667 0.2492
352.767 0.249
352.867 0.2488
352.967 0.2486
353.067 0.2484
353.167 0.2482
353.267 0.248
353.367 0.2478
353.467 0.2476
353.567 0.2474
353.667 0.2472
353.767 0.247
353.867 0.2468
353.967 0.2466
354.067 0.2464
354.167 0.2462
354.267 0.246
354.367 0.2458
354.467 0.2456
354.567 0.2454
354.667 0.2452
354.767 0.245
354.867 0.2448
354.967 0.2446
355.067 0.2444
355.167 0.2442
355.267 0.244
355.367 0.2438
355.467 0.2436
355.567 0.2434
355.667 0.2432
355.767 0.243
355.867 0.2428
355.967 0.2426
356.067 0.2424
356.167 0.2422
356.267 0.242
356.367 0.2418
356.467 0.2416
356.567 0.2414
356.667 0.2412
356.767 0.241
356.867 0.2408
356.967 0.2406
357.067 0.2404
357.167 0.2402
357.267 0.24
357.367 0.2398
357.467 0.2396
357.567 0.2394
357.667 0.2392
357.767 0.239
357.867 0.2388
357.967 0.2386
358.067 0.2384
358.167 0.2382
358.267 0.238
358.367 0.2378
358.467 0.2376
358.567 0.2374
358.667 0.2372
358.767 0.237
358.867 0.2368
358.967 0.2366
359.067 0.2364
359.167 0.2362
359.267 0.236
359.367 0.2358
359.467 0.2356
359.567 0.2354
359.667 0.2352
359.767 0.235
359.867 0.2348
359.967 0.2346
360.067 0.2344
360.167 0.2342
360.267 0.234
360.367 0.2338
360.467 0.2336
360.567 0.2334
360.667 0.2332
360.767 0.233
360.867 0.2328
360.967 0.2326
361.067 0.2324
361.167 0.2322
361.267 0.232
361.367 0.2318
361.467 0.2316
361.567 0.2314
361.667 0.2312
361.767 0.231
361.867 0.2308
361.967 0.2306
362.067 0.2304
362.167 0.2302
362.267 0.23
362.367 0.2298
362.467 0.2296
362.567 0.2294
362.667 0.2292
362.767 0.229
362.867 0.2288
362.967 0.2286
363.067 0.2284
363.167 0.2282
363.267 0.228
363.367 0.2278
363.467 0.2276
363.567 0.2274
363.667 0.2272
363.767 0.227
363.867 0.2268
363.967 0.2266
364.067 0.2264
364.167 0.2262
364.267 0.226
364.367 0.2258
364.467 0.2256
364.567 0.2254
364.667 0.2252
364.767 0.225
364.867 0.2248
364.967 0.2246
365.067 0.2244
365.167 0.2242
365.267 0.224
365.367 0.2238
365.467 0.2236
365.567 0.2234
365.667 0.2232
365.767 0.223
365.867 0.2228
365.967 0.2226
366.067 0.2224
366.167 0.2222
366.267 0.222
366.367 0.2218
366.467 0.2216
366.567 0.2214
366.667 0.2212
366.767 0.221
366.867 0.2208
366.967 0.2206
367.067 0.2204
367.167 0.2202
367.267 0.22
367.367 0.2198
367.467 0.2196
367.567 0.2194
367.667 0.2192
367.767 0.219
367.867 0.2188
367.967 0.2186
368.067 0.2184
368.167 0.2182
368.267 0.218
368.367 0.2178
368.467 0.2176
368.567 0.2174
368.667 0.2172
368.767 0.217
368.867 0.2168
368.967 0.2166
369.067 0.2164
369.167 0.2162
369.267 0.216
369.367 0.2158
369.467 0.2156
369.567 0.2154
369.667 0.2152
369.767 0.215
369.867 0.2148
369.967 0.2146
370.067 0.2144
370.167 0.2142
370.267 0.214
370.367 0.2138
370.467 0.2136
370.567 0.2134
370.667 0.2132
370.767 0.213
370.867 0.2128
370.967 0.2126
371.067 0.2124
371.167 0.2122
371.267 0.212
371.367 0.2118
371.467 0.2116
371.567 0.2114
371.667 0.2112
371.767 0.211
371.867 0.2108
371.967 0.2106
372.067 0.2104
372.167 0.2102
372.267 0.21
372.367 0.2098
372.467 0.2096
372.567 0.2094
372.667 0.2092
372.767 0.209
372.867 0.2088
372.967 0.2086
373.067 0.2084
373.167 0.2082
373.267 0.208
373.367 0.2078
373.467 0.2076
373.567 0.2074
373.667 0.2072
373.767 0.207
373.867 0.2068
373.967 0.2066
374.067 0.2064
374.167 0.2062
374.267 0.206
374.367 0.2058
374.467 0.2056
374.567 0.2054
374.667 0.2052
374.767 0.205
374.867 0.2048
374.967 0.2046
375.067 0.2044
375.167 0.2042
375.267 0.204
375.367 0.2038
375.467 0.2036
375.567 0.2034
375.667 0.2032
375.767 0.203
375.867 0.2028
375.967 0.2026
376.067 0.2024
376.167 0.2022
376.267 0.202
376.367 0.2018
376.467 0.2016
376.567 0.2014
376.667 0.2012
376.767 0.201
376.867 0.2008
376.967 0.2006
377.067 0.2004
377.167 0.2002
377.267 0.2
377.367 0.1998
377.467 0.1996
377.567 0.1994
377.667 0.1992
377.767 0.199
377.867 0.1988
377.967 0.1986
378.067 0.1984
378.167 0.1982
378.267 0.198
378.367 0.1978
378.467 0.1976
378.567 0.1974
378.667 0.1972
378.767 0.197
378.867 0.1968
378.967 0.1966
379.067 0.1964
379.167 0.1962
379.267 0.196
379.367 0.1958
379.467 0.1956
379.567 0.1954
379.667 0.1952
379.767 0.195
379.867 0.1948
379.967 0.1946
380.067 0.1944
380.167 0.1942
380.267 0.194
380.367 0.1938
380.467 0.1936
380.567 0.1934
380.667 0.1932
380.767 0.193
380.867 0.1928
380.967 0.1926
381.067 0.1924
381.167 0.1922
381.267 0.192
381.367 0.1918
381.467 0.1916
381.567 0.1914
381.667 0.1912
381.767 0.191
381.867 0.1908
381.967 0.1906
382.067 0.1904
382.167 0.1902
382.267 0.19
382.367 0.1898
382.467 0.1896
382.567 0.1894
382.667 0.1892
382.767 0.189
382.867 0.1888
382.967 0.1886
383.067 0.1884
383.167 0.1882
383.267 0.188
383.367 0.1878
383.467 0.1876
383.567 0.1874
383.667 0.1872
383.767 0.187
383.867 0.1868
383.967 0.1866
384.067 0.1864
384.167 0.1862
384.267 0.186
384.367 0.1858
384.467 0.1856
384.567 0.1854
384.667 0.1852
384.767 0.185
384.867 0.1848
384.967 0.1846
385.067 0.1844
385.167 0.1842
385.267 0.184
385.367 0.1838
385.467 0.1836
385.567 0.1834
385.667 0.1832
385.767 0.183
385.867 0.1828
385.967 0.1826
386.067 0.1824
386.167 0.1822
386.267 0.182
386.367 0.1818
386.467 0.1816
386.567 0.1814
386.667 0.1812
386.767 0.181
386.867 0.1808
386.967 0.1806
387.067 0.1804
387.167 0.1802
387.267 0.18
387.367 0.1798
387.467 0.1796
387.567 0.1794
387.667 0.1792
387.767 0.179
387.867 0.1788
387.967 0.1786
388.067 0.1784
388.167 0.1782
388.267 0.178
388.367 0.1778
388.467 0.1776
388.567 0.1774
388.667 0.1772
388.767 0.177
388.867 0.1768
388.967 0.1766
389.067 0.1764
389.167 0.1762
389.267 0.176
389.367 0.1758
389.467 0.1756
389.567 0.1754
389.667 0.1752
389.767 0.175
389.867 0.1748
389.967 0.1746
390.067 0.1744
390.167 0.1742
390.267 0.174
390.367 0.1738
390.467 0.1736
390.567 0.1734
390.667 0.1732
390.767 0.173
390.867 0.1728
390.967 0.1726
391.067 0.1724
391.167 0.1722
391.267 0.172
391.367 0.1718
391.467 0.1716
391.567 0.1714
391.667 0.1712
391.767 0.171
391.867 0.1708
391.967 0.1706
392.067 0.1704
392.167 0.1702
392.267 0.17
392.367 0.1698
392.467 0.1696
392.567 0.1694
392.667 0.1692
392.767 0.169
392.867 0.1688
392.967 0.1686
393.067 0.1684
393.167 0.1682
393.267 0.168
393.367 0.1678
393.467 0.1676
393.567 0.1674
393.667 0.1672
393.767 0.167
393.867 0.1668
393.967 0.1666
394.067 0.1664
394.167 0.1662
394.267 0.166
394.367 0.1658
394.467 0.1656
394.567 0.1654
394.667 0.1652
394.767 0.165
394.867 0.1648
394.967 0.1646
395.067 0.1644
395.167 0.1642
395.267 0.164
395.367 0.1638
395.467 0.1636
395.567 0.1634
395.667 0.1632
395.767 0.163
395.867 0.1628
395.967 0.1626
396.067 0.1624
396.167 0.1622
396.267 0.162
396.367 0.1618
396.467 0.1616
396.567 0.1614
396.667 0.1612
396.767 0.161
396.867 0.1608
396.967 0.1606
397.067 0.1604
397.167 0.1602
397.267 0.16
397.367 0.1598
397.467 0.1596
397.567 0.1594
397.667 0.1592
397.767 0.159
397.867 0.1588
397.967 0.1586
398.067 0.1584
398.167 0.1582
398.267 0.158
398.367 0.1578
398.467 0.1576
398.567 0.1574
398.667 0.1572
398.767 0.157
398.867 0.1568
398.967 0.1566
399.067 0.1564
399.167 0.1562
399.267 0.156
399.367 0.1558
399.467 0.1556
399.567 0.1554
399.667 0.1552
399.767 0.155
399.867 0.1548
399.967 0.1546
400.067 0.1544
400.167 0.1542
400.267 0.154
400.367 0.1538
400.467 0.1536
400.567 0.1534
400.667 0.1532
400.767 0.153
400.867 0.1528
400.967 0.1526
401.067 0.1524
401.167 0.1522
401.267 0.152
401.367 0.1518
401.467 0.1516
401.567 0.1514
401.667 0.1512
401.767 0.151
401.867 0.1508
401.967 0.1506
402.067 0.1504
402.167 0.1502
402.267 0.15
402.367 0.1498
402.467 0.1496
402.567 0.1494
402.667 0.1492
402.767 0.149
402.867 0.1488
402.967 0.1486
403.067 0.1484
403.167 0.1482
403.267 0.148
403.367 0.1478
403.467 0.1476
403.567 0.1474
403.667 0.1472
403.767 0.147
403.867 0.1468
403.967 0.1466
404.067 0.1464
404.167 0.1462
404.267 0.146
404.367 0.1458
404.467 0.1456
404.567 0.1454
404.667 0.1452
404.767 0.145
404.867 0.1448
404.967 0.1446
405.067 0.1444
405.167 0.1442
405.267 0.144
405.367 0.1438
405.467 0.1436
405.567 0.1434
405.667 0.1432
405.767 0.143
405.867 0.1428
405.967 0.1426
406.067 0.1424
406.167 0.1422
406.267 0.142
406.367 0.1418
406.467 0.1416
406.567 0.1414
406.667 0.1412
406.767 0.141
406.867 0.1408
406.967 0.1406
407.067 0.1404
407.167 0.1402
407.267 0.14
407.367 0.1398
407.467 0.1396
407.567 0.1394
407.667 0.1392
407.767 0.139
407.867 0.1388
407.967 0.1386
408.067 0.1384
408.167 0.1382
408.267 0.138
408.367 0.1378
408.467 0.1376
408.567 0.1374
408.667 0.1372
408.767 0.137
408.867 0.1368
408.967 0.1366
409.067 0.1364
409.167 0.1362
409.267 0.136
409.367 0.1358
409.467 0.1356
409.567 0.1354
409.667 0.1352
409.767 0.135
409.867 0.1348
409.967 0.1346
410.067 0.1344
410.167 0.1342
410.267 0.134
410.367 0.1338
410.467 0.1336
410.567 0.1334
410.667 0.1332
410.767 0.133
410.867 0.1328
410.967 0.1326
411.067 0.1324
411.167 0.1322
411.267 0.132
411.367 0.1318
411.467 0.1316
411.567 0.1314
411.667 0.1312
411.767 0.131
411.867 0.1308
411.967 0.1306
412.067 0.1304
412.167 0.1302
412.267 0.13
412.367 0.1298
412.467 0.1296
412.567 0.1294
412.667 0.1292
412.767 0.129
412.867 0.1288
412.967 0.1286
413.067 0.1284
413.167 0.1282
413.267 0.128
413.367 0.1278
413.467 0.1276
413.567 0.1274
413.667 0.1272
413.767 0.127
413.867 0.1268
413.967 0.1266
414.067 0.1264
414.167 0.1262
414.267 0.126
414.367 0.1258
414.467 0.1256
414.567 0.1254
414.667 0.1252
414.767 0.125
414.867 0.1248
414.967 0.1246
415.067 0.1244
415.167 0.1242
415.267 0.124
415.367 0.1238
415.467 0.1236
415.567 0.1234
415.667 0.1232
415.767 0.123
415.867 0.1228
415.967 0.1226
416.067 0.1224
416.167 0.1222
416.267 0.122
416.367 0.1218
416.467 0.1216
416.567 0.1214
416.667 0.1212
416.767 0.121
416.867 0.1208
416.967 0.1206
417.067 0.1204
417.167 0.1202
417.267 0.12
417.367 0.1198
417.467 0.1196
417.567 0.1194
417.667 0.1192
417.767 0.119
417.867 0.1188
417.967 0.1186
418.067 0.1184
418.167 0.1182
418.267 0.118
418.367 0.1178
418.467 0.1176
418.567 0.1174
418.667 0.1172
418.767 0.117
418.867 0.1168
418.967 0.1166
419.067 0.1164
419.167 0.1162
419.267 0.116
419.367 0.1158
419.467 0.1156
419.567 0.1154
419.667 0.1152
419.767 0.115
419.867 0.1148
419.967 0.1146
420.067 0.1144
420.167 0.1142
420.267 0.114
420.367 0.1138
420.467 0.1136
420.567 0.1134
420.667 0.1132
420.767 0.113
420.867 0.1128
420.967 0.1126
421.067 0.1124
421.167 0.1122
421.267 0.112
421.367 0.1118
421.467 0.1116
421.567 0.1114
421.667 0.1112
421.767 0.111
421.867 0.1108
421.967 0.1106
422.067 0.1104
422.167 0.1102
422.267 0.11
422.367 0.1098
422.467 0.1096
422.567 0.1094
422.667 0.1092
422.767 0.109
422.867 0.1088
422.967 0.1086
423.067 0.1084
423.167 0.1082
423.267 0.108
423.367 0.1078
423.467 0.1076
423.567 0.1074
423.667 0.1072
423.767 0.107
423.867 0.1068
423.967 0.1066
424.067 0.1064
424.167 0.1062
424.267 0.106
424.367 0.1058
424.467 0.1056
424.567 0.1054
424.667 0.1052
424.767 0.105
424.867 0.1048
424.967 0.1046
425.067 0.1044
425.167 0.1042
425.267 0.104
425.367 0.1038
425.467 0.1036
425.567 0.1034
425.667 0.1032
425.767 0.103
425.867 0.1028
425.967 0.1026
426.067 0.1024
426.167 0.1022
426.267 0.102
426.367 0.1018
426.467 0.1016
426.567 0.1014
426.667 0.1012
426.767 0.101
426.867 0.1008
426.967 0.1006
427.067 0.1004
427.167 0.1002
427.267 0.1
427.367 0.0998
427.467 0.0996
427.567 0.0994
427.667 0.0992
427.767 0.099
427.867 0.0988
427.967 0.0986
428.067 0.0984
428.167 0.0982
428.267 0.098
428.367 0.0978
428.467 0.0976
428.567 0.0974
428.667 0.0972
428.767 0.097
428.867 0.0968
428.967 0.0966
429.067 0.0964
429.167 0.0962
429.267 0.096
429.367 0.0958
429.467 0.0956
429.567 0.0954
429.667 0.0952
429.767 0.095
429.867 0.0948
429.967 0.0946
430.067 0.0944
430.167 0.0942
430.267 0.094
430.367 0.0938
430.467 0.0936
430.567 0.0934
430.667 0.0932
430.767 0.093
430.867 0.0928
430.967 0.0926
431.067 0.0924
431.167 0.0922
431.267 0.092
431.367 0.0918
431.467 0.0916
431.567 0.0914
431.667 0.0912
431.767 0.091
431.867 0.0908
431.967 0.0906
432.067 0.0904
432.167 0.0902
432.267 0.09
432.367 0.0898
432.467 0.0896
432.567 0.0894
432.667 0.0892
432.767 0.089
432.867 0.0888
432.967 0.0886
433.067 0.0884
433.167 0.0882
433.267 0.088
433.367 0.0878
433.467 0.0876
433.567 0.0874
433.667 0.0872
433.767 0.087
433.867 0.0868
433.967 0.0866
434.067 0.0864
434.167 0.0862
434.267 0.086
434.367 0.0858
434.467 0.0856
434.567 0.0854
434.667 0.0852
434.767 0.085
434.867 0.0848
434.967 0.0846
435.067 0.0844
435.167 0.0842
435.267 0.084
435.367 0.0838
435.467 0.0836
435.567 0.0834
435.667 0.0832
435.767 0.083
435.867 0.0828
435.967 0.0826
436.067 0.0824
436.167 0.0822
436.267 0.082
436.367 0.0818
436.467 0.0816
436.567 0.0814
436.667 0.0812
436.767 0.081
436.867 0.0808
436.967 0.0806
437.067 0.0804
437.167 0.0802
437.267 0.08
