#########################################################################
:FileType xy  ASCII  EnSim 1.0
# Canadian Hydraulics Centre/National Research Council (c) 1998-2012
# DataType                 XY DataObject
#
:Application              BlueKenue
:Version                  3.3.4
:WrittenBy                sebastian
:CreationDate             Sun, Jul 30, 2023 12:29 PM
#
#------------------------------------------------------------------------
#
:AttributeName  1 
:AttributeUnits 1 m
:AttributeName  2 
:AttributeUnits 2 M
:EndHeader
0 1.90304
0.0999994 1.90296
0.199999 1.90289
0.299998 1.90281
0.399998 1.90274
0.499997 1.90262
0.599997 1.90249
0.699996 1.90236
0.799996 1.90223
0.899995 1.90209
0.999994 1.90196
1.09999 1.9018
1.19999 1.90159
1.29999 1.90139
1.39999 1.90119
1.49999 1.90098
1.59999 1.90078
1.69999 1.90057
1.79999 1.90034
1.89999 1.90011
1.99999 1.89987
2.09999 1.89964
2.19999 1.89941
2.29999 1.89918
2.39999 1.89894
2.49999 1.8987
2.59999 1.89846
2.69998 1.89822
2.79998 1.89799
2.89998 1.89775
2.99998 1.89751
3.09998 1.89728
3.19998 1.89704
3.29998 1.89681
3.39998 1.89657
3.49998 1.89634
3.59998 1.8961
3.69998 1.89588
3.79998 1.89565
3.89998 1.89542
3.99998 1.89519
4.09998 1.89496
4.19998 1.89474
4.29998 1.89451
4.39998 1.89429
4.49997 1.89406
4.59997 1.89384
4.69997 1.89361
4.79997 1.89339
4.89997 1.89317
4.99997 1.89294
5.09997 1.89272
5.19997 1.8925
5.29997 1.89228
5.39997 1.89206
5.49997 1.89184
5.59997 1.89162
5.69997 1.8914
5.79997 1.89118
5.89997 1.89096
5.99997 1.89074
6.09997 1.89052
6.19997 1.89029
6.29996 1.89007
6.39996 1.88985
6.49996 1.88963
6.59996 1.88941
6.69996 1.88919
6.79996 1.88897
6.89996 1.88875
6.99996 1.88852
7.09996 1.8883
7.19996 1.88808
7.29996 1.88786
7.39996 1.88764
7.49996 1.88742
7.59996 1.8872
7.69996 1.88698
7.79996 1.88675
7.89996 1.88653
7.99996 1.88631
8.09995 1.88609
8.19995 1.88587
8.29995 1.88565
8.39995 1.88543
8.49995 1.8852
8.59995 1.88498
8.69995 1.88476
8.79995 1.88454
8.89995 1.88432
8.99995 1.88409
9.09995 1.88387
9.19995 1.88365
9.29995 1.88343
9.39995 1.88321
9.49995 1.88298
9.59995 1.88276
9.69995 1.88254
9.79995 1.88232
9.89994 1.88209
9.99994 1.88187
10.0999 1.88165
10.1999 1.88143
10.2999 1.8812
10.3999 1.88098
10.4999 1.88076
10.5999 1.88054
10.6999 1.88031
10.7999 1.88009
10.8999 1.87987
10.9999 1.87965
11.0999 1.87942
11.1999 1.8792
11.2999 1.87898
11.3999 1.87876
11.4999 1.87853
11.5999 1.87831
11.6999 1.87809
11.7999 1.87786
11.8999 1.87764
11.9999 1.87742
12.0999 1.8772
12.1999 1.87697
12.2999 1.87675
12.3999 1.87653
12.4999 1.8763
12.5999 1.87608
12.6999 1.87586
12.7999 1.87563
12.8999 1.87541
12.9999 1.87519
13.0999 1.87496
13.1999 1.87474
13.2999 1.87452
13.3999 1.87429
13.4999 1.87407
13.5999 1.87385
13.6999 1.87362
13.7999 1.8734
13.8999 1.87318
13.9999 1.87295
14.0999 1.87273
14.1999 1.87251
14.2999 1.87228
14.3999 1.87206
14.4999 1.87184
14.5999 1.87161
14.6999 1.87139
14.7999 1.87117
14.8999 1.87094
14.9999 1.87072
15.0999 1.8705
15.1999 1.87027
15.2999 1.87005
15.3999 1.86983
15.4999 1.8696
15.5999 1.86938
15.6999 1.86915
15.7999 1.86893
15.8999 1.86871
15.9999 1.86848
16.0999 1.86826
16.1999 1.86803
16.2999 1.86781
16.3999 1.86759
16.4999 1.86736
16.5999 1.86714
16.6999 1.86691
16.7999 1.86669
16.8999 1.86647
16.9999 1.86624
17.0999 1.86602
17.1999 1.86579
17.2999 1.86557
17.3999 1.86535
17.4999 1.86512
17.5999 1.8649
17.6999 1.86467
17.7999 1.86445
17.8999 1.86422
17.9999 1.864
18.0999 1.86378
18.1999 1.86355
18.2999 1.86333
18.3999 1.8631
18.4999 1.86288
18.5999 1.86265
18.6999 1.86243
18.7999 1.8622
18.8999 1.86198
18.9999 1.86175
19.0999 1.86153
19.1999 1.86131
19.2999 1.86108
19.3999 1.86086
19.4999 1.86063
19.5999 1.86041
19.6999 1.86018
19.7999 1.85996
19.8999 1.85973
19.9999 1.85951
20.0999 1.85928
20.1999 1.85906
20.2999 1.85883
20.3999 1.85861
20.4999 1.85838
20.5999 1.85816
20.6999 1.85793
20.7999 1.85771
20.8999 1.85748
20.9999 1.85726
21.0999 1.85703
21.1999 1.85681
21.2999 1.85658
21.3999 1.85636
21.4999 1.85613
21.5999 1.85591
21.6999 1.85568
21.7999 1.85545
21.8999 1.85523
21.9999 1.855
22.0999 1.85478
22.1999 1.85455
22.2999 1.85433
22.3999 1.8541
22.4999 1.85388
22.5999 1.85365
22.6999 1.85342
22.7999 1.8532
22.8999 1.85297
22.9999 1.85275
23.0999 1.85252
23.1999 1.8523
23.2999 1.85207
23.3999 1.85184
23.4999 1.85162
23.5999 1.85139
23.6999 1.85117
23.7999 1.85094
23.8999 1.85071
23.9999 1.85049
24.0999 1.85026
24.1999 1.85004
24.2999 1.84981
24.3999 1.84958
24.4999 1.84936
24.5999 1.84913
24.6999 1.84891
24.7999 1.84868
24.8999 1.84845
24.9999 1.84823
25.0999 1.848
25.1999 1.84777
25.2999 1.84755
25.3999 1.84732
25.4999 1.84709
25.5999 1.84687
25.6999 1.84664
25.7999 1.84641
25.8999 1.84619
25.9999 1.84596
26.0999 1.84573
26.1999 1.84551
26.2999 1.84528
26.3999 1.84506
26.4999 1.84483
26.5999 1.8446
26.6999 1.84438
26.7999 1.84415
26.8999 1.84392
26.9998 1.84369
27.0998 1.84347
27.1998 1.84324
27.2998 1.84301
27.3998 1.84279
27.4998 1.84256
27.5998 1.84233
27.6998 1.84211
27.7998 1.84188
27.8998 1.84165
27.9998 1.84142
28.0998 1.8412
28.1998 1.84097
28.2998 1.84074
28.3998 1.84052
28.4998 1.84029
28.5998 1.84006
28.6998 1.83983
28.7998 1.83961
28.8998 1.83938
28.9998 1.83915
29.0998 1.83892
29.1998 1.8387
29.2998 1.83847
29.3998 1.83824
29.4998 1.83801
29.5998 1.83779
29.6998 1.83756
29.7998 1.83733
29.8998 1.8371
29.9998 1.83687
30.0998 1.83665
30.1998 1.83642
30.2998 1.83619
30.3998 1.83596
30.4998 1.83574
30.5998 1.83551
30.6998 1.83528
30.7998 1.83505
30.8998 1.83482
30.9998 1.8346
31.0998 1.83437
31.1998 1.83414
31.2998 1.83391
31.3998 1.83368
31.4998 1.83345
31.5998 1.83323
31.6998 1.833
31.7998 1.83277
31.8998 1.83254
31.9998 1.83231
32.0998 1.83208
32.1998 1.83186
32.2998 1.83163
32.3998 1.8314
32.4998 1.83117
32.5998 1.83094
32.6998 1.83071
32.7998 1.83048
32.8998 1.83026
32.9998 1.83003
33.0998 1.8298
33.1998 1.82957
33.2998 1.82934
33.3998 1.82911
33.4998 1.82888
33.5998 1.82865
33.6998 1.82843
33.7998 1.8282
33.8998 1.82797
33.9998 1.82774
34.0998 1.82751
34.1998 1.82728
34.2998 1.82705
34.3998 1.82682
34.4998 1.82659
34.5998 1.82636
34.6998 1.82613
34.7998 1.8259
34.8998 1.82568
34.9998 1.82545
35.0998 1.82522
35.1998 1.82499
35.2998 1.82476
35.3998 1.82453
35.4998 1.8243
35.5998 1.82407
35.6998 1.82384
35.7998 1.82361
35.8998 1.82338
35.9998 1.82315
36.0998 1.82292
36.1998 1.82269
36.2998 1.82246
36.3998 1.82223
36.4998 1.822
36.5998 1.82177
36.6998 1.82154
36.7998 1.82131
36.8998 1.82108
36.9998 1.82085
37.0998 1.82062
37.1998 1.82039
37.2998 1.82016
37.3998 1.81993
37.4998 1.8197
37.5998 1.81947
37.6998 1.81924
37.7998 1.81901
37.8998 1.81878
37.9998 1.81855
38.0998 1.81832
38.1998 1.81809
38.2998 1.81786
38.3998 1.81763
38.4998 1.8174
38.5998 1.81717
38.6998 1.81694
38.7998 1.81671
38.8998 1.81648
38.9998 1.81625
39.0998 1.81602
39.1998 1.81579
39.2998 1.81555
39.3998 1.81532
39.4998 1.81509
39.5998 1.81486
39.6998 1.81463
39.7998 1.8144
39.8998 1.81417
39.9998 1.81394
40.0998 1.81371
40.1998 1.81348
40.2998 1.81324
40.3998 1.81301
40.4998 1.81278
40.5998 1.81255
40.6998 1.81232
40.7998 1.81209
40.8998 1.81186
40.9998 1.81163
41.0998 1.81139
41.1998 1.81116
41.2998 1.81093
41.3998 1.8107
41.4998 1.81047
41.5998 1.81024
41.6998 1.81001
41.7998 1.80977
41.8998 1.80954
41.9998 1.80931
42.0998 1.80908
42.1998 1.80885
42.2998 1.80862
42.3998 1.80838
42.4998 1.80815
42.5998 1.80792
42.6998 1.80769
42.7998 1.80746
42.8998 1.80722
42.9998 1.80699
43.0998 1.80676
43.1998 1.80653
43.2998 1.8063
43.3998 1.80606
43.4998 1.80583
43.5998 1.8056
43.6998 1.80537
43.7998 1.80513
43.8998 1.8049
43.9998 1.80467
44.0998 1.80444
44.1998 1.8042
44.2998 1.80397
44.3998 1.80374
44.4998 1.80351
44.5998 1.80327
44.6998 1.80304
44.7998 1.80281
44.8998 1.80258
44.9998 1.80234
45.0997 1.80211
45.1997 1.80188
45.2997 1.80165
45.3997 1.80141
45.4997 1.80118
45.5997 1.80095
45.6997 1.80071
45.7997 1.80048
45.8997 1.80025
45.9997 1.80001
46.0997 1.79978
46.1997 1.79955
46.2997 1.79931
46.3997 1.79908
46.4997 1.79885
46.5997 1.79861
46.6997 1.79838
46.7997 1.79815
46.8997 1.79791
46.9997 1.79768
47.0997 1.79745
47.1997 1.79721
47.2997 1.79698
47.3997 1.79675
47.4997 1.79651
47.5997 1.79628
47.6997 1.79604
47.7997 1.79581
47.8997 1.79558
47.9997 1.79534
48.0997 1.79511
48.1997 1.79487
48.2997 1.79464
48.3997 1.79441
48.4997 1.79417
48.5997 1.79394
48.6997 1.7937
48.7997 1.79347
48.8997 1.79324
48.9997 1.793
49.0997 1.79277
49.1997 1.79253
49.2997 1.7923
49.3997 1.79206
49.4997 1.79183
49.5997 1.7916
49.6997 1.79136
49.7997 1.79113
49.8997 1.79089
49.9997 1.79066
50.0997 1.79042
50.1997 1.79019
50.2997 1.78995
50.3997 1.78972
50.4997 1.78948
50.5997 1.78925
50.6997 1.78901
50.7997 1.78878
50.8997 1.78854
50.9997 1.78831
51.0997 1.78807
51.1997 1.78784
51.2997 1.7876
51.3997 1.78737
51.4997 1.78713
51.5997 1.7869
51.6997 1.78666
51.7997 1.78643
51.8997 1.78619
51.9997 1.78595
52.0997 1.78572
52.1997 1.78548
52.2997 1.78525
52.3997 1.78501
52.4997 1.78478
52.5997 1.78454
52.6997 1.7843
52.7997 1.78407
52.8997 1.78383
52.9997 1.7836
53.0997 1.78336
53.1997 1.78312
53.2997 1.78289
53.3997 1.78265
53.4997 1.78242
53.5997 1.78218
53.6997 1.78194
53.7997 1.78171
53.8997 1.78147
53.9997 1.78124
54.0997 1.781
54.1997 1.78076
54.2997 1.78053
54.3997 1.78029
54.4997 1.78005
54.5997 1.77982
54.6997 1.77958
54.7997 1.77934
54.8997 1.77911
54.9997 1.77887
55.0997 1.77863
55.1997 1.7784
55.2997 1.77816
55.3997 1.77792
55.4997 1.77769
55.5997 1.77745
55.6997 1.77721
55.7997 1.77697
55.8997 1.77674
55.9997 1.7765
56.0997 1.77626
56.1997 1.77603
56.2997 1.77579
56.3997 1.77555
56.4997 1.77531
56.5997 1.77508
56.6997 1.77484
56.7997 1.7746
56.8997 1.77436
56.9997 1.77413
57.0997 1.77389
57.1997 1.77365
57.2997 1.77341
57.3997 1.77318
57.4997 1.77294
57.5997 1.7727
57.6997 1.77246
57.7997 1.77222
57.8997 1.77199
57.9997 1.77175
58.0997 1.77151
58.1997 1.77127
58.2997 1.77103
58.3997 1.7708
58.4997 1.77056
58.5997 1.77032
58.6997 1.77008
58.7997 1.76984
58.8997 1.7696
58.9997 1.76936
59.0997 1.76913
59.1997 1.76889
59.2997 1.76865
59.3997 1.76841
59.4997 1.76817
59.5997 1.76793
59.6997 1.76769
59.7997 1.76745
59.8997 1.76722
59.9997 1.76698
60.0997 1.76674
60.1997 1.7665
60.2997 1.76626
60.3997 1.76602
60.4997 1.76578
60.5997 1.76554
60.6997 1.7653
60.7997 1.76506
60.8997 1.76482
60.9997 1.76459
61.0997 1.76435
61.1997 1.76411
61.2997 1.76387
61.3997 1.76363
61.4997 1.76339
61.5997 1.76315
61.6997 1.76291
61.7997 1.76267
61.8997 1.76243
61.9997 1.76219
62.0997 1.76195
62.1997 1.76171
62.2997 1.76147
62.3997 1.76123
62.4997 1.76099
62.5997 1.76075
62.6997 1.76051
62.7997 1.76027
62.8997 1.76003
62.9996 1.75979
63.0996 1.75955
63.1996 1.75931
63.2996 1.75907
63.3996 1.75883
63.4996 1.75859
63.5996 1.75835
63.6996 1.7581
63.7996 1.75786
63.8996 1.75762
63.9996 1.75738
64.0996 1.75714
64.1996 1.7569
64.2996 1.75666
64.3996 1.75642
64.4996 1.75618
64.5996 1.75594
64.6996 1.75569
64.7996 1.75545
64.8996 1.75521
64.9996 1.75497
65.0996 1.75473
65.1996 1.75449
65.2996 1.75425
65.3996 1.75401
65.4996 1.75376
65.5996 1.75352
65.6996 1.75328
65.7996 1.75304
65.8996 1.7528
65.9996 1.75256
66.0996 1.75231
66.1996 1.75207
66.2996 1.75183
66.3996 1.75159
66.4996 1.75135
66.5996 1.7511
66.6996 1.75086
66.7996 1.75062
66.8996 1.75038
66.9996 1.75013
67.0996 1.74989
67.1996 1.74965
67.2996 1.74941
67.3996 1.74916
67.4996 1.74892
67.5996 1.74868
67.6996 1.74844
67.7996 1.74819
67.8996 1.74795
67.9996 1.74771
68.0996 1.74747
68.1996 1.74722
68.2996 1.74698
68.3996 1.74674
68.4996 1.74649
68.5996 1.74625
68.6996 1.74601
68.7996 1.74576
68.8996 1.74552
68.9996 1.74528
69.0996 1.74503
69.1996 1.74479
69.2996 1.74455
69.3996 1.7443
69.4996 1.74406
69.5996 1.74382
69.6996 1.74357
69.7996 1.74333
69.8996 1.74308
69.9996 1.74284
70.0996 1.7426
70.1996 1.74235
70.2996 1.74211
70.3996 1.74187
70.4996 1.74162
70.5996 1.74138
70.6996 1.74113
70.7996 1.74089
70.8996 1.74064
70.9996 1.7404
71.0996 1.74016
71.1996 1.73991
71.2996 1.73967
71.3996 1.73942
71.4996 1.73918
71.5996 1.73893
71.6996 1.73869
71.7996 1.73844
71.8996 1.7382
71.9996 1.73795
72.0996 1.73771
72.1996 1.73746
72.2996 1.73722
72.3996 1.73697
72.4996 1.73673
72.5996 1.73648
72.6996 1.73624
72.7996 1.73599
72.8996 1.73575
72.9996 1.7355
73.0996 1.73526
73.1996 1.73501
73.2996 1.73476
73.3996 1.73452
73.4996 1.73427
73.5996 1.73403
73.6996 1.73378
73.7996 1.73353
73.8996 1.73329
73.9996 1.73304
74.0996 1.7328
74.1996 1.73255
74.2996 1.73231
74.3996 1.73206
74.4996 1.73181
74.5996 1.73157
74.6996 1.73132
74.7996 1.73107
74.8996 1.73083
74.9996 1.73058
75.0996 1.73033
75.1996 1.73009
75.2996 1.72984
75.3996 1.72959
75.4996 1.72935
75.5996 1.7291
75.6996 1.72885
75.7996 1.72861
75.8996 1.72836
75.9996 1.72811
76.0996 1.72786
76.1996 1.72762
76.2996 1.72737
76.3996 1.72712
76.4996 1.72687
76.5996 1.72663
76.6996 1.72638
76.7996 1.72613
76.8996 1.72588
76.9996 1.72564
77.0996 1.72539
77.1996 1.72514
77.2996 1.72489
77.3996 1.72464
77.4996 1.7244
77.5996 1.72415
77.6996 1.7239
77.7996 1.72365
77.8996 1.7234
77.9996 1.72316
78.0996 1.72291
78.1996 1.72266
78.2996 1.72241
78.3996 1.72216
78.4996 1.72191
78.5996 1.72166
78.6996 1.72142
78.7996 1.72117
78.8996 1.72092
78.9996 1.72067
79.0996 1.72042
79.1996 1.72017
79.2996 1.71992
79.3996 1.71967
79.4996 1.71942
79.5996 1.71918
79.6996 1.71893
79.7996 1.71868
79.8996 1.71843
79.9996 1.71818
80.0996 1.71793
80.1996 1.71768
80.2996 1.71743
80.3996 1.71718
80.4996 1.71693
80.5996 1.71668
80.6996 1.71643
80.7996 1.71618
80.8996 1.71593
80.9996 1.71568
81.0995 1.71543
81.1995 1.71518
81.2995 1.71493
81.3995 1.71468
81.4995 1.71443
81.5995 1.71417
81.6995 1.71392
81.7995 1.71367
81.8995 1.71342
81.9995 1.71317
82.0995 1.71292
82.1995 1.71267
82.2995 1.71242
82.3995 1.71217
82.4995 1.71192
82.5995 1.71167
82.6995 1.71141
82.7995 1.71116
82.8995 1.71091
82.9995 1.71066
83.0995 1.71041
83.1995 1.71016
83.2995 1.70991
83.3995 1.70965
83.4995 1.7094
83.5995 1.70915
83.6995 1.7089
83.7995 1.70865
83.8995 1.7084
83.9995 1.70814
84.0995 1.70789
84.1995 1.70764
84.2995 1.70739
84.3995 1.70713
84.4995 1.70688
84.5995 1.70663
84.6995 1.70638
84.7995 1.70612
84.8995 1.70587
84.9995 1.70562
85.0995 1.70537
85.1995 1.70511
85.2995 1.70486
85.3995 1.70461
85.4995 1.70435
85.5995 1.7041
85.6995 1.70385
85.7995 1.70359
85.8995 1.70334
85.9995 1.70309
86.0995 1.70283
86.1995 1.70258
86.2995 1.70233
86.3995 1.70207
86.4995 1.70182
86.5995 1.70157
86.6995 1.70131
86.7995 1.70106
86.8995 1.7008
86.9995 1.70055
87.0995 1.70029
87.1995 1.70004
87.2995 1.69979
87.3995 1.69953
87.4995 1.69928
87.5995 1.69902
87.6995 1.69877
87.7995 1.69851
87.8995 1.69826
87.9995 1.698
88.0995 1.69775
88.1995 1.69749
88.2995 1.69724
88.3995 1.69698
88.4995 1.69673
88.5995 1.69647
88.6995 1.69622
88.7995 1.69596
88.8995 1.69571
88.9995 1.69545
89.0995 1.6952
89.1995 1.69494
89.2995 1.69468
89.3995 1.69443
89.4995 1.69417
89.5995 1.69392
89.6995 1.69366
89.7995 1.6934
89.8995 1.69315
89.9995 1.69289
90.0995 1.69264
90.1995 1.69238
90.2995 1.69213
90.3995 1.69187
90.4995 1.69161
90.5995 1.69135
90.6995 1.6911
90.7995 1.69084
90.8995 1.69058
90.9995 1.69033
91.0995 1.69007
91.1995 1.68981
91.2995 1.68956
91.3995 1.6893
91.4995 1.68904
91.5995 1.68878
91.6995 1.68853
91.7995 1.68827
91.8995 1.68801
91.9995 1.68775
92.0995 1.6875
92.1995 1.68724
92.2995 1.68698
92.3995 1.68672
92.4995 1.68646
92.5995 1.68621
92.6995 1.68595
92.7995 1.68569
92.8995 1.68543
92.9995 1.68517
93.0995 1.68491
93.1995 1.68465
93.2995 1.6844
93.3995 1.68414
93.4995 1.68388
93.5995 1.68362
93.6995 1.68336
93.7995 1.6831
93.8995 1.68284
93.9995 1.68258
94.0995 1.68232
94.1995 1.68206
94.2995 1.6818
94.3995 1.68154
94.4995 1.68128
94.5995 1.68102
94.6995 1.68077
94.7995 1.68051
94.8995 1.68025
94.9995 1.67998
95.0995 1.67972
95.1995 1.67946
95.2995 1.6792
95.3995 1.67894
95.4995 1.67868
95.5995 1.67842
95.6995 1.67816
95.7995 1.6779
95.8995 1.67764
95.9995 1.67738
96.0995 1.67712
96.1995 1.67686
96.2995 1.6766
96.3995 1.67634
96.4995 1.67608
96.5995 1.67581
96.6995 1.67555
96.7995 1.67529
96.8995 1.67503
96.9995 1.67477
97.0995 1.67451
97.1995 1.67424
97.2995 1.67398
97.3995 1.67372
97.4995 1.67346
97.5995 1.6732
97.6995 1.67293
97.7995 1.67267
97.8995 1.67241
97.9995 1.67215
98.0995 1.67189
98.1995 1.67162
98.2995 1.67136
98.3995 1.6711
98.4995 1.67083
98.5995 1.67057
98.6995 1.67031
98.7995 1.67004
98.8995 1.66978
98.9995 1.66952
99.0994 1.66925
99.1994 1.66899
99.2994 1.66873
99.3994 1.66846
99.4994 1.6682
99.5994 1.66794
99.6994 1.66767
99.7994 1.66741
99.8994 1.66714
99.9994 1.66688
100.099 1.66662
100.199 1.66635
100.299 1.66609
100.399 1.66582
100.499 1.66556
100.599 1.66529
100.699 1.66503
100.799 1.66476
100.899 1.6645
100.999 1.66423
101.099 1.66397
101.199 1.6637
101.299 1.66344
101.399 1.66317
101.499 1.66291
101.599 1.66264
101.699 1.66237
101.799 1.66211
101.899 1.66184
101.999 1.66158
102.099 1.66131
102.199 1.66104
102.299 1.66078
102.399 1.66051
102.499 1.66025
102.599 1.65998
102.699 1.65971
102.799 1.65945
102.899 1.65918
102.999 1.65891
103.099 1.65864
103.199 1.65838
103.299 1.65811
103.399 1.65784
103.499 1.65758
103.599 1.65731
103.699 1.65704
103.799 1.65677
103.899 1.65651
103.999 1.65624
104.099 1.65597
104.199 1.6557
104.299 1.65543
104.399 1.65516
104.499 1.6549
104.599 1.65463
104.699 1.65436
104.799 1.65409
104.899 1.65382
104.999 1.65355
105.099 1.65329
105.199 1.65302
105.299 1.65275
105.399 1.65248
105.499 1.65221
105.599 1.65194
105.699 1.65167
105.799 1.6514
105.899 1.65113
105.999 1.65086
106.099 1.65059
106.199 1.65032
106.299 1.65005
106.399 1.64978
106.499 1.64951
106.599 1.64924
106.699 1.64897
106.799 1.6487
106.899 1.64843
106.999 1.64816
107.099 1.64789
107.199 1.64762
107.299 1.64735
107.399 1.64708
107.499 1.6468
107.599 1.64653
107.699 1.64626
107.799 1.64599
107.899 1.64572
107.999 1.64545
108.099 1.64517
108.199 1.6449
108.299 1.64463
108.399 1.64436
108.499 1.64409
108.599 1.64381
108.699 1.64354
108.799 1.64327
108.899 1.643
108.999 1.64272
109.099 1.64245
109.199 1.64218
109.299 1.64191
109.399 1.64163
109.499 1.64136
109.599 1.64109
109.699 1.64082
109.799 1.64054
109.899 1.64027
109.999 1.63999
110.099 1.63972
110.199 1.63944
110.299 1.63917
110.399 1.6389
110.499 1.63862
110.599 1.63835
110.699 1.63807
110.799 1.6378
110.899 1.63752
110.999 1.63725
111.099 1.63698
111.199 1.6367
111.299 1.63643
111.399 1.63615
111.499 1.63588
111.599 1.6356
111.699 1.63532
111.799 1.63505
111.899 1.63477
111.999 1.6345
112.099 1.63422
112.199 1.63394
112.299 1.63367
112.399 1.63339
112.499 1.63312
112.599 1.63284
112.699 1.63256
112.799 1.63229
112.899 1.63201
112.999 1.63173
113.099 1.63145
113.199 1.63118
113.299 1.6309
113.399 1.63062
113.499 1.63034
113.599 1.63007
113.699 1.62979
113.799 1.62951
113.899 1.62923
113.999 1.62896
114.099 1.62868
114.199 1.6284
114.299 1.62812
114.399 1.62784
114.499 1.62756
114.599 1.62728
114.699 1.627
114.799 1.62673
114.899 1.62645
114.999 1.62617
115.099 1.62589
115.199 1.62561
115.299 1.62533
115.399 1.62505
115.499 1.62477
115.599 1.62449
115.699 1.62421
115.799 1.62393
115.899 1.62365
115.999 1.62337
116.099 1.62309
116.199 1.62281
116.299 1.62253
116.399 1.62224
116.499 1.62196
116.599 1.62168
116.699 1.6214
116.799 1.62112
116.899 1.62084
116.999 1.62056
117.099 1.62028
117.199 1.61999
117.299 1.61971
117.399 1.61943
117.499 1.61915
117.599 1.61886
117.699 1.61858
117.799 1.6183
117.899 1.61802
117.999 1.61773
118.099 1.61745
118.199 1.61717
118.299 1.61689
118.399 1.6166
118.499 1.61632
118.599 1.61604
118.699 1.61575
118.799 1.61547
118.899 1.61518
118.999 1.6149
119.099 1.61461
119.199 1.61433
119.299 1.61405
119.399 1.61376
119.499 1.61348
119.599 1.61319
119.699 1.61291
119.799 1.61262
119.899 1.61234
119.999 1.61205
120.099 1.61177
120.199 1.61148
120.299 1.6112
120.399 1.61091
120.499 1.61062
120.599 1.61034
120.699 1.61005
120.799 1.60977
120.899 1.60948
120.999 1.60919
121.099 1.60891
121.199 1.60862
121.299 1.60833
121.399 1.60804
121.499 1.60776
121.599 1.60747
121.699 1.60718
121.799 1.60689
121.899 1.6066
121.999 1.60632
122.099 1.60603
122.199 1.60574
122.299 1.60545
122.399 1.60517
122.499 1.60488
122.599 1.60459
122.699 1.6043
122.799 1.60401
122.899 1.60372
122.999 1.60343
123.099 1.60314
123.199 1.60285
123.299 1.60256
123.399 1.60227
123.499 1.60198
123.599 1.60169
123.699 1.6014
123.799 1.60111
123.899 1.60082
123.999 1.60053
124.099 1.60024
124.199 1.59995
124.299 1.59966
124.399 1.59936
124.499 1.59907
124.599 1.59878
124.699 1.59849
124.799 1.5982
124.899 1.59791
124.999 1.59762
125.099 1.59732
125.199 1.59703
125.299 1.59674
125.399 1.59645
125.499 1.59615
125.599 1.59586
125.699 1.59557
125.799 1.59527
125.899 1.59498
125.999 1.59469
126.099 1.59439
126.199 1.5941
126.299 1.5938
126.399 1.59351
126.499 1.59322
126.599 1.59292
126.699 1.59263
126.799 1.59233
126.899 1.59204
126.999 1.59174
127.099 1.59145
127.199 1.59115
127.299 1.59086
127.399 1.59056
127.499 1.59026
127.599 1.58997
127.699 1.58967
127.799 1.58938
127.899 1.58908
127.999 1.58878
128.099 1.58849
128.199 1.58819
128.299 1.58789
128.399 1.5876
128.499 1.5873
128.599 1.587
128.699 1.5867
128.799 1.5864
128.899 1.58611
128.999 1.58581
129.099 1.58551
129.199 1.58521
129.299 1.58491
129.399 1.58461
129.499 1.58432
129.599 1.58402
129.699 1.58372
129.799 1.58342
129.899 1.58312
129.999 1.58282
130.099 1.58252
130.199 1.58222
130.299 1.58192
130.399 1.58162
130.499 1.58132
130.599 1.58102
130.699 1.58072
130.799 1.58041
130.899 1.58011
130.999 1.57981
131.099 1.57951
131.199 1.57921
131.299 1.57891
131.399 1.5786
131.499 1.5783
131.599 1.578
131.699 1.5777
131.799 1.57739
131.899 1.57709
131.999 1.57679
132.099 1.57649
132.199 1.57618
132.299 1.57588
132.399 1.57557
132.499 1.57527
132.599 1.57497
132.699 1.57466
132.799 1.57436
132.899 1.57405
132.999 1.57375
133.099 1.57344
133.199 1.57314
133.299 1.57283
133.399 1.57253
133.499 1.57222
133.599 1.57192
133.699 1.57161
133.799 1.5713
133.899 1.571
133.999 1.57069
134.099 1.57038
134.199 1.57008
134.299 1.56977
134.399 1.56946
134.499 1.56916
134.599 1.56885
134.699 1.56854
134.799 1.56823
134.899 1.56792
134.999 1.56762
135.099 1.56731
135.199 1.567
135.299 1.56669
135.399 1.56638
135.499 1.56607
135.599 1.56576
135.699 1.56545
135.799 1.56514
135.899 1.56483
135.999 1.56452
136.099 1.56421
136.199 1.5639
136.299 1.56359
136.399 1.56328
136.499 1.56297
136.599 1.56266
136.699 1.56234
136.799 1.56203
136.899 1.56172
136.999 1.56141
137.099 1.5611
137.199 1.56079
137.299 1.56047
137.399 1.56016
137.499 1.55985
137.599 1.55953
137.699 1.55922
137.799 1.5589
137.899 1.55859
137.999 1.55828
138.099 1.55796
138.199 1.55765
138.299 1.55734
138.399 1.55702
138.499 1.55671
138.599 1.55639
138.699 1.55607
138.799 1.55576
138.899 1.55544
138.999 1.55513
139.099 1.55481
139.199 1.55449
139.299 1.55418
139.399 1.55386
139.499 1.55355
139.599 1.55323
139.699 1.55291
139.799 1.55259
139.899 1.55227
139.999 1.55195
140.099 1.55164
140.199 1.55132
140.299 1.551
140.399 1.55068
140.499 1.55036
140.599 1.55004
140.699 1.54972
140.799 1.5494
140.899 1.54908
140.999 1.54876
141.099 1.54844
141.199 1.54812
141.299 1.5478
141.399 1.54748
141.499 1.54716
141.599 1.54684
141.699 1.54652
141.799 1.54619
141.899 1.54587
141.999 1.54555
142.099 1.54523
142.199 1.5449
142.299 1.54458
142.399 1.54426
142.499 1.54393
142.599 1.54361
142.699 1.54328
142.799 1.54296
142.899 1.54264
142.999 1.54231
143.099 1.54199
143.199 1.54166
143.299 1.54134
143.399 1.54101
143.499 1.54068
143.599 1.54036
143.699 1.54003
143.799 1.53971
143.899 1.53938
143.999 1.53905
144.099 1.53873
144.199 1.5384
144.299 1.53807
144.399 1.53775
144.499 1.53742
144.599 1.53709
144.699 1.53676
144.799 1.53643
144.899 1.5361
144.999 1.53577
145.099 1.53544
145.199 1.53511
145.299 1.53478
145.399 1.53445
145.499 1.53412
145.599 1.53379
145.699 1.53346
145.799 1.53313
145.899 1.5328
145.999 1.53246
146.099 1.53213
146.199 1.5318
146.299 1.53147
146.399 1.53114
146.499 1.5308
146.599 1.53047
146.699 1.53014
146.799 1.5298
146.899 1.52947
146.999 1.52913
147.099 1.5288
147.199 1.52846
147.299 1.52813
147.399 1.52779
147.499 1.52746
147.599 1.52712
147.699 1.52679
147.799 1.52645
147.899 1.52612
147.999 1.52578
148.099 1.52544
148.199 1.5251
148.299 1.52476
148.399 1.52443
148.499 1.52409
148.599 1.52375
148.699 1.52341
148.799 1.52307
148.899 1.52273
148.999 1.5224
149.099 1.52206
149.199 1.52172
149.299 1.52138
149.399 1.52103
149.499 1.52069
149.599 1.52035
149.699 1.52001
149.799 1.51967
149.899 1.51933
149.999 1.51898
150.099 1.51864
150.199 1.5183
150.299 1.51796
150.399 1.51762
150.499 1.51727
150.599 1.51693
150.699 1.51658
150.799 1.51624
150.899 1.51589
150.999 1.51555
151.099 1.5152
151.199 1.51486
151.299 1.51451
151.399 1.51417
151.499 1.51382
151.599 1.51347
151.699 1.51312
151.799 1.51278
151.899 1.51243
151.999 1.51208
152.099 1.51173
152.199 1.51138
152.299 1.51103
152.399 1.51069
152.499 1.51034
152.599 1.50999
152.699 1.50964
152.799 1.50929
152.899 1.50894
152.999 1.50858
153.099 1.50823
153.199 1.50788
153.299 1.50753
153.399 1.50718
153.499 1.50682
153.599 1.50647
153.699 1.50612
153.799 1.50577
153.899 1.50541
153.999 1.50506
154.099 1.5047
154.199 1.50435
154.299 1.50399
154.399 1.50364
154.499 1.50328
154.599 1.50292
154.699 1.50257
154.799 1.50221
154.899 1.50186
154.999 1.5015
155.099 1.50114
155.199 1.50079
155.299 1.50043
155.399 1.50007
155.499 1.49971
155.599 1.49935
155.699 1.49899
155.799 1.49863
155.899 1.49827
155.999 1.49791
156.099 1.49755
156.199 1.49719
156.299 1.49683
156.399 1.49646
156.499 1.4961
156.599 1.49574
156.699 1.49537
156.799 1.49501
156.899 1.49464
156.999 1.49428
157.099 1.49392
157.199 1.49355
157.299 1.49319
157.399 1.49282
157.499 1.49246
157.599 1.49209
157.699 1.49173
157.799 1.49136
157.899 1.49099
157.999 1.49062
158.099 1.49025
158.199 1.48988
158.299 1.48952
158.399 1.48915
158.499 1.48878
158.599 1.48841
158.699 1.48804
158.799 1.48767
158.899 1.4873
158.999 1.48693
159.099 1.48656
159.199 1.48618
159.299 1.48581
159.399 1.48544
159.499 1.48506
159.599 1.48469
159.699 1.48432
159.799 1.48395
159.899 1.48357
159.999 1.4832
160.099 1.48282
160.199 1.48245
160.299 1.48207
160.399 1.48169
160.499 1.48131
160.599 1.48094
160.699 1.48056
160.799 1.48018
160.899 1.47981
160.999 1.47943
161.099 1.47905
161.199 1.47867
161.299 1.47829
161.399 1.47791
161.499 1.47753
161.599 1.47715
161.699 1.47676
161.799 1.47638
161.899 1.476
161.999 1.47562
162.099 1.47524
162.199 1.47486
162.299 1.47447
162.399 1.47409
162.499 1.4737
162.599 1.47332
162.699 1.47293
162.799 1.47255
162.899 1.47216
162.999 1.47177
163.099 1.47139
163.199 1.471
163.299 1.47062
163.399 1.47023
163.499 1.46984
163.599 1.46946
163.699 1.46907
163.799 1.46867
163.899 1.46828
163.999 1.46789
164.099 1.4675
164.199 1.46711
164.299 1.46672
164.399 1.46633
164.499 1.46594
164.599 1.46555
164.699 1.46516
164.799 1.46477
164.899 1.46437
164.999 1.46398
165.099 1.46359
165.199 1.46319
165.299 1.4628
165.399 1.4624
165.499 1.46201
165.599 1.46161
165.699 1.46122
165.799 1.46082
165.899 1.46043
165.999 1.46004
166.099 1.45964
166.199 1.45924
166.299 1.45884
166.399 1.45844
166.499 1.45805
166.599 1.45765
166.699 1.45725
166.799 1.45685
166.899 1.45646
166.999 1.45606
167.099 1.45566
167.199 1.45526
167.299 1.45487
167.399 1.45447
167.499 1.45407
167.599 1.45367
167.699 1.45327
167.799 1.45287
167.899 1.45247
167.999 1.45207
168.099 1.45167
168.199 1.45127
168.299 1.45087
168.399 1.45047
168.499 1.45008
168.599 1.44968
168.699 1.44928
168.799 1.44888
168.899 1.44848
168.999 1.44809
169.099 1.44769
169.199 1.44729
169.299 1.44689
169.399 1.44649
169.499 1.4461
169.599 1.4457
169.699 1.4453
169.799 1.44491
169.899 1.44452
169.999 1.44412
170.099 1.44373
170.199 1.44334
170.299 1.44295
170.399 1.44255
170.499 1.44216
170.599 1.44177
170.699 1.44138
170.799 1.44098
170.899 1.44059
170.999 1.44021
171.099 1.43983
171.199 1.43945
171.299 1.43907
171.399 1.43869
171.499 1.43831
171.599 1.43794
171.699 1.43756
171.799 1.43718
171.899 1.4368
171.999 1.43642
172.099 1.43604
172.199 1.43568
172.299 1.43532
172.399 1.43497
172.499 1.43461
172.599 1.43426
172.699 1.4339
172.799 1.43355
172.899 1.4332
172.999 1.43284
173.099 1.43249
173.199 1.43213
173.299 1.43178
173.399 1.43143
173.499 1.43112
173.599 1.43081
173.699 1.4305
173.799 1.43019
173.899 1.42987
173.999 1.42956
174.099 1.42925
174.199 1.42894
174.299 1.42863
174.399 1.42832
174.499 1.42801
174.599 1.4277
174.699 1.42743
174.799 1.42719
174.899 1.42695
174.999 1.42671
175.099 1.42647
175.199 1.42623
175.299 1.42599
175.399 1.42575
175.499 1.42551
175.599 1.42527
175.699 1.42503
175.799 1.42479
175.899 1.42455
175.999 1.42439
176.099 1.42426
176.199 1.42413
176.299 1.424
176.399 1.42386
176.499 1.42373
176.599 1.4236
176.699 1.42347
176.799 1.42334
176.899 1.42321
176.999 1.42308
177.099 1.42295
177.199 1.42284
177.299 1.42279
177.399 1.42282
177.499 1.42284
177.599 1.42286
177.699 1.42288
177.799 1.4229
177.899 1.42293
177.999 1.42295
178.099 1.42297
178.199 1.42299
178.299 1.42302
178.399 1.42306
178.499 1.4232
178.599 1.42334
178.699 1.42357
178.799 1.4238
178.899 1.42403
178.999 1.42426
179.099 1.42449
179.199 1.42472
179.299 1.42495
179.399 1.42518
179.499 1.42541
179.599 1.4257
179.699 1.42599
179.799 1.42639
179.899 1.42683
179.999 1.42728
180.099 1.42767
180.199 1.42807
180.299 1.42843
180.399 1.42868
180.499 1.42893
180.599 1.42919
180.699 1.42944
180.799 1.4297
180.899 1.42995
180.999 1.43024
181.098 1.43062
181.198 1.43099
181.298 1.43137
181.398 1.43174
181.498 1.43212
181.598 1.43249
181.698 1.43287
181.798 1.43324
181.898 1.43357
181.998 1.4338
182.098 1.43404
182.198 1.43427
182.298 1.43457
182.398 1.43491
182.498 1.43525
182.598 1.43559
182.698 1.43593
182.798 1.43627
182.898 1.43662
182.998 1.43696
183.098 1.4373
183.197 1.43764
183.297 1.43798
183.397 1.43834
183.497 1.4387
183.597 1.43911
183.697 1.43943
183.797 1.43974
183.897 1.44005
183.997 1.44036
184.097 1.44067
184.197 1.44098
184.297 1.4413
184.397 1.44161
184.497 1.44192
184.597 1.44223
184.697 1.44254
184.797 1.44285
184.897 1.4432
184.997 1.44356
185.097 1.44392
185.197 1.44428
185.296 1.44464
185.396 1.44501
185.496 1.44527
185.596 1.44552
185.696 1.44577
185.796 1.44601
185.896 1.44626
185.996 1.44651
186.096 1.44676
186.196 1.44701
186.296 1.44726
186.396 1.44752
186.496 1.44777
186.596 1.44802
186.696 1.44828
186.796 1.44853
186.896 1.44879
186.996 1.44904
187.096 1.4493
187.196 1.44955
187.296 1.44981
187.395 1.45004
187.495 1.45023
187.595 1.45037
187.695 1.45051
187.795 1.45065
187.895 1.45078
187.995 1.45091
188.095 1.45104
188.195 1.45117
188.295 1.4513
188.395 1.45142
188.495 1.45155
188.595 1.45168
188.695 1.45181
188.795 1.45194
188.895 1.45203
188.995 1.45202
189.095 1.45201
189.195 1.45199
189.295 1.45198
189.395 1.45196
189.494 1.45195
189.594 1.45194
189.694 1.45193
189.794 1.45193
189.894 1.45192
189.994 1.45191
190.094 1.4519
190.194 1.45189
190.294 1.45182
190.394 1.45165
190.494 1.45148
190.594 1.45131
190.694 1.45114
190.794 1.45097
190.894 1.4508
190.994 1.45063
191.094 1.45046
191.194 1.45028
191.294 1.45011
191.394 1.44994
191.494 1.44977
191.594 1.4496
191.693 1.44935
191.793 1.44904
191.893 1.44873
191.993 1.44842
192.093 1.44811
192.193 1.4478
192.293 1.44749
192.393 1.44718
192.493 1.44687
192.593 1.44656
192.693 1.44625
192.793 1.44594
192.893 1.44563
192.993 1.44532
193.093 1.44498
193.193 1.44459
193.293 1.4442
193.393 1.4438
193.493 1.44341
193.593 1.44301
193.693 1.44262
193.792 1.44223
193.892 1.44183
193.992 1.44144
194.092 1.44107
194.192 1.44071
194.292 1.44036
194.392 1.44
194.492 1.43965
194.592 1.43927
194.692 1.43889
194.792 1.43851
194.892 1.43813
194.992 1.43775
195.092 1.43737
195.192 1.43699
195.292 1.43657
195.392 1.43615
195.492 1.43572
195.592 1.4353
195.692 1.43487
195.792 1.43445
195.891 1.43402
195.991 1.43361
196.091 1.4332
196.191 1.4328
196.291 1.43239
196.391 1.43198
196.491 1.4316
196.591 1.43124
196.691 1.43087
196.791 1.43051
196.891 1.43015
196.991 1.42978
197.091 1.42942
197.191 1.42906
197.291 1.42869
197.391 1.42833
197.491 1.42801
197.591 1.42769
197.691 1.42737
197.791 1.42705
197.891 1.42673
197.99 1.42641
198.09 1.42609
198.19 1.42577
198.29 1.42545
198.39 1.42513
198.49 1.42481
198.59 1.42449
198.69 1.42417
198.79 1.42384
198.89 1.42349
198.99 1.42321
199.09 1.42294
199.19 1.42268
199.29 1.42241
199.39 1.42214
199.49 1.42188
199.59 1.42161
199.69 1.42135
199.79 1.42108
199.89 1.42081
199.99 1.42055
200.089 1.42028
200.189 1.42001
200.289 1.41975
200.389 1.4195
200.489 1.41929
200.589 1.41907
200.689 1.41885
200.789 1.41864
200.889 1.41842
200.989 1.4182
201.089 1.41799
201.189 1.41777
201.289 1.41755
201.389 1.41734
201.489 1.41712
201.589 1.41693
201.689 1.41676
201.789 1.41659
201.889 1.41644
201.989 1.41631
202.089 1.41618
202.188 1.41605
202.288 1.41591
202.388 1.41576
202.488 1.4156
202.588 1.41543
202.688 1.41527
202.788 1.41511
202.888 1.41494
202.988 1.41478
203.088 1.41462
203.188 1.41446
203.288 1.41429
203.388 1.41413
203.488 1.41401
203.588 1.41388
203.688 1.41376
203.788 1.41363
203.888 1.41351
203.988 1.41339
204.088 1.41326
204.188 1.41314
204.287 1.41304
204.387 1.41295
204.487 1.41286
204.587 1.41277
204.687 1.41268
204.787 1.41258
204.887 1.41249
204.987 1.41241
205.087 1.41234
205.187 1.41227
205.287 1.41219
205.387 1.41212
205.487 1.41205
205.587 1.41197
205.687 1.4119
205.787 1.41183
205.887 1.41175
205.987 1.41166
206.087 1.41157
206.187 1.41147
206.287 1.41138
206.386 1.41129
206.486 1.4112
206.586 1.41112
206.686 1.41104
206.786 1.41095
206.886 1.41087
206.986 1.41079
207.086 1.41073
207.186 1.41067
207.286 1.41061
207.386 1.41055
207.486 1.41049
207.586 1.41043
207.686 1.41037
207.786 1.41031
207.886 1.41025
207.986 1.41019
208.086 1.41013
208.186 1.41007
208.286 1.41001
208.386 1.40994
208.485 1.40988
208.585 1.40982
208.685 1.40975
208.785 1.40969
208.885 1.40963
208.985 1.40957
209.085 1.4095
209.185 1.40944
209.285 1.40938
209.385 1.40932
209.485 1.40925
209.585 1.40917
209.685 1.4091
209.785 1.40903
209.885 1.40895
209.985 1.40889
210.085 1.40883
210.185 1.40877
210.285 1.40871
210.385 1.40865
210.485 1.40859
210.585 1.40852
210.684 1.40846
210.784 1.4084
210.884 1.40834
210.984 1.40828
211.084 1.40822
211.184 1.40816
211.284 1.4081
211.384 1.40803
211.484 1.40796
211.584 1.40789
211.684 1.40783
211.784 1.40776
211.884 1.40769
211.984 1.40762
212.084 1.40755
212.184 1.40748
212.284 1.40741
212.384 1.40735
212.484 1.40728
212.584 1.40721
212.684 1.40714
212.783 1.40707
212.883 1.407
212.983 1.40694
213.083 1.40686
213.183 1.40679
213.283 1.40671
213.383 1.40664
213.483 1.40656
213.583 1.40648
213.683 1.40641
213.783 1.40633
213.883 1.40626
213.983 1.40618
214.083 1.40611
214.183 1.40603
214.283 1.40595
214.383 1.40588
214.483 1.4058
214.583 1.40573
214.683 1.40564
214.783 1.40555
214.882 1.40546
214.982 1.40537
215.082 1.40528
215.182 1.40519
215.282 1.4051
215.382 1.40501
215.482 1.40492
215.582 1.40482
215.682 1.40473
215.782 1.40464
215.882 1.40455
215.982 1.40446
216.082 1.40437
216.182 1.40429
216.282 1.4042
216.382 1.4041
216.482 1.404
216.582 1.4039
216.682 1.4038
216.782 1.4037
216.882 1.4036
216.981 1.40349
217.081 1.40339
217.181 1.40329
217.281 1.40319
217.381 1.40309
217.481 1.40299
217.581 1.40288
217.681 1.40278
217.781 1.40268
217.881 1.40258
217.981 1.40248
218.081 1.40236
218.181 1.40225
218.281 1.40214
218.381 1.40203
218.481 1.40192
218.581 1.40181
218.681 1.4017
218.781 1.40159
218.881 1.40148
218.981 1.40137
219.08 1.40126
219.18 1.40115
219.28 1.40104
219.38 1.40093
219.48 1.40083
219.58 1.40072
219.68 1.40061
219.78 1.40049
219.88 1.40038
219.98 1.40026
220.08 1.40014
220.18 1.40003
220.28 1.39991
220.38 1.39979
220.48 1.39968
220.58 1.39956
220.68 1.39944
220.78 1.39933
220.88 1.39921
220.98 1.39909
221.08 1.39898
221.179 1.39886
221.279 1.39874
221.379 1.39862
221.479 1.3985
221.579 1.39837
221.679 1.39824
221.779 1.39811
221.879 1.39799
221.979 1.39786
222.079 1.39773
222.179 1.3976
222.279 1.39748
222.379 1.39735
222.479 1.39722
222.579 1.3971
222.679 1.39697
222.779 1.39685
222.879 1.39672
222.979 1.3966
223.079 1.39647
223.179 1.39633
223.278 1.39619
223.378 1.39605
223.478 1.39591
223.578 1.39577
223.678 1.39563
223.778 1.39549
223.878 1.39535
223.978 1.39521
224.078 1.39507
224.178 1.39492
224.278 1.39478
224.378 1.39464
224.478 1.3945
224.578 1.39436
224.678 1.39422
224.778 1.39408
224.878 1.39391
224.978 1.39375
225.078 1.39359
225.178 1.39342
225.278 1.39326
225.377 1.3931
225.477 1.39293
225.577 1.39277
225.677 1.39261
225.777 1.39245
225.877 1.3923
225.977 1.39215
226.077 1.39199
226.177 1.39184
226.277 1.39168
226.377 1.39153
226.477 1.39137
226.577 1.39121
226.677 1.39103
226.777 1.39086
226.877 1.39069
226.977 1.39052
227.077 1.39035
227.177 1.39018
227.277 1.39001
227.377 1.38983
227.476 1.38966
227.576 1.38948
227.676 1.38931
227.776 1.38913
227.876 1.38895
227.976 1.38878
228.076 1.3886
228.176 1.38842
228.276 1.38823
228.376 1.38803
228.476 1.38782
228.576 1.38762
228.676 1.38742
228.776 1.38721
228.876 1.38701
228.976 1.38682
229.076 1.38663
229.176 1.38645
229.276 1.38626
229.376 1.38607
229.476 1.38589
229.576 1.3857
229.675 1.38552
229.775 1.38533
229.875 1.38514
229.975 1.38495
230.075 1.38474
230.175 1.38453
230.275 1.38432
230.375 1.38411
230.475 1.3839
230.575 1.38369
230.675 1.38348
230.775 1.38327
230.875 1.38306
230.975 1.38285
231.075 1.38263
231.175 1.38241
231.275 1.38219
231.375 1.38196
231.475 1.38174
231.575 1.38151
231.675 1.38128
231.774 1.38102
231.874 1.38076
231.974 1.3805
232.074 1.38023
232.174 1.37997
232.274 1.37973
232.374 1.3795
232.474 1.37927
232.574 1.37905
232.674 1.37882
232.774 1.37859
232.874 1.37836
232.974 1.37814
233.074 1.37791
233.174 1.37768
233.274 1.37745
233.374 1.37723
233.474 1.37698
233.574 1.37674
233.674 1.3765
233.774 1.37626
233.873 1.37601
233.973 1.37577
234.073 1.37553
234.173 1.37528
234.273 1.37504
234.373 1.3748
234.473 1.37455
234.573 1.37431
234.673 1.37407
234.773 1.37378
234.873 1.37349
234.973 1.37321
235.073 1.37292
235.173 1.37265
235.273 1.37238
235.373 1.37212
235.473 1.37185
235.573 1.37162
235.673 1.3714
235.773 1.37119
235.873 1.37097
235.972 1.37076
236.072 1.37054
236.172 1.37033
236.272 1.37011
236.372 1.3699
236.472 1.36968
236.572 1.36947
236.672 1.36925
236.772 1.36904
236.872 1.36886
236.972 1.36875
237.072 1.36863
237.172 1.36852
237.272 1.36841
237.372 1.36829
237.472 1.36818
237.572 1.36806
237.672 1.36795
237.772 1.36784
237.872 1.36772
237.972 1.36761
238.071 1.3675
238.171 1.36738
238.271 1.36727
238.371 1.3671
238.471 1.36693
238.571 1.36678
238.671 1.36679
238.771 1.36681
238.871 1.36681
238.971 1.36681
239.071 1.36681
239.171 1.36681
239.271 1.3668
239.371 1.3668
239.471 1.3668
239.571 1.3668
239.671 1.36679
239.771 1.36679
239.871 1.36679
239.971 1.36679
240.071 1.36679
240.17 1.36678
240.27 1.36678
240.37 1.36688
240.47 1.36698
240.57 1.36709
240.67 1.3672
240.77 1.36731
240.87 1.36742
240.97 1.36753
241.07 1.36764
241.17 1.36775
241.27 1.36786
241.37 1.36797
241.47 1.36808
241.57 1.36819
241.67 1.3683
241.77 1.3684
241.87 1.36851
241.97 1.36863
242.07 1.36876
242.17 1.36888
242.269 1.36899
242.369 1.3691
242.469 1.3692
242.569 1.36931
242.669 1.36942
242.769 1.36952
242.869 1.36963
242.969 1.36974
243.069 1.36984
243.169 1.36995
243.269 1.37006
243.369 1.37016
243.469 1.37027
243.569 1.37038
243.669 1.37048
243.769 1.37059
243.869 1.37068
243.969 1.37077
244.069 1.37087
244.169 1.37096
244.269 1.37106
244.368 1.37115
244.468 1.37124
244.568 1.37134
244.668 1.37143
244.768 1.37153
244.868 1.37162
244.968 1.37172
245.068 1.37181
245.168 1.3719
245.268 1.372
245.368 1.37209
245.468 1.37217
245.568 1.37221
245.668 1.37225
245.768 1.3723
245.868 1.37234
245.968 1.37238
246.068 1.37243
246.168 1.37247
246.268 1.37251
246.368 1.37256
246.467 1.3726
246.567 1.37264
246.667 1.37269
246.767 1.37273
246.867 1.37277
246.967 1.37281
247.067 1.37286
247.167 1.3729
247.267 1.37291
247.367 1.37259
247.467 1.37227
247.567 1.37196
247.667 1.37164
247.767 1.37133
247.867 1.37101
247.967 1.37072
248.067 1.37044
248.167 1.37016
248.267 1.36988
248.367 1.3696
248.467 1.36931
248.567 1.36903
248.667 1.36875
248.767 1.36847
248.867 1.36819
248.967 1.36791
249.067 1.36763
249.167 1.36734
249.267 1.36704
249.367 1.36673
249.467 1.36643
249.567 1.36612
249.667 1.36582
249.767 1.36551
249.867 1.36521
249.967 1.3649
250.067 1.3646
250.167 1.36429
250.267 1.36399
250.367 1.36368
250.467 1.36342
250.567 1.36316
250.667 1.3629
250.767 1.36265
250.867 1.36239
250.967 1.36213
251.067 1.36187
251.167 1.36159
251.267 1.36128
251.367 1.36098
251.467 1.36067
251.567 1.36036
251.667 1.36009
251.767 1.35983
251.867 1.35958
251.967 1.35932
252.067 1.35906
252.167 1.35881
252.267 1.35855
252.367 1.35829
252.467 1.35802
252.567 1.35775
252.667 1.35747
252.767 1.35719
252.867 1.35693
252.967 1.3567
253.067 1.35648
253.167 1.35622
253.267 1.35595
253.367 1.35568
253.467 1.35541
253.567 1.35514
253.667 1.35487
253.767 1.3546
253.867 1.35433
253.967 1.35406
254.067 1.35379
254.167 1.35357
254.267 1.35335
254.367 1.35313
254.467 1.35291
254.567 1.35269
254.667 1.35247
254.767 1.35225
254.867 1.35203
254.967 1.35181
255.067 1.35159
255.167 1.35132
255.267 1.35106
255.367 1.35083
255.467 1.35062
255.567 1.35041
255.667 1.35019
255.767 1.34997
255.867 1.34975
255.967 1.34952
256.067 1.34929
256.167 1.34906
256.267 1.34884
256.367 1.34861
256.467 1.34838
256.567 1.34816
256.667 1.34798
256.767 1.3478
256.867 1.34762
256.967 1.34744
257.067 1.34724
257.167 1.34702
257.267 1.3468
257.367 1.34659
257.467 1.34637
257.567 1.34615
257.667 1.34593
257.767 1.34572
257.867 1.34553
257.967 1.34536
258.067 1.34518
258.167 1.345
258.267 1.34482
258.367 1.34464
258.467 1.34446
258.567 1.34428
258.667 1.3441
258.767 1.34392
258.867 1.34374
258.967 1.34356
259.067 1.34338
259.167 1.3432
259.267 1.34302
259.367 1.34283
259.467 1.34265
259.567 1.34247
259.667 1.34229
259.767 1.3421
259.867 1.34192
259.967 1.34174
260.067 1.34155
260.167 1.34137
260.267 1.3412
260.367 1.34104
260.467 1.34089
260.567 1.34074
260.667 1.34058
260.767 1.34043
260.867 1.34028
260.967 1.34012
261.067 1.33994
261.167 1.33976
261.267 1.33958
261.367 1.3394
261.467 1.33922
261.567 1.33906
261.667 1.3389
261.767 1.33875
261.867 1.33859
261.967 1.33843
262.067 1.33828
262.167 1.33812
262.267 1.33797
262.367 1.33781
262.467 1.33765
262.567 1.33749
262.667 1.33733
262.767 1.33718
262.867 1.33704
262.967 1.3369
263.067 1.33674
263.167 1.33658
263.267 1.33642
263.367 1.33626
263.467 1.3361
263.567 1.33594
263.667 1.33578
263.767 1.33563
263.867 1.33547
263.967 1.33531
264.067 1.33517
264.167 1.33503
264.267 1.33489
264.367 1.33475
264.467 1.33461
264.567 1.33447
264.667 1.33433
264.767 1.33419
264.867 1.33405
264.967 1.33389
265.067 1.33373
265.167 1.33357
265.267 1.33343
265.367 1.33329
265.467 1.33314
265.567 1.333
265.667 1.33286
265.767 1.33271
265.867 1.33257
265.967 1.33242
266.067 1.33228
266.167 1.33213
266.267 1.33199
266.367 1.33184
266.467 1.33171
266.567 1.33157
266.667 1.33144
266.767 1.33131
266.867 1.33117
266.967 1.33103
267.067 1.33089
267.167 1.33075
267.267 1.3306
267.367 1.33046
267.467 1.33032
267.567 1.33017
267.667 1.33003
267.767 1.3299
267.867 1.32976
267.967 1.32963
268.067 1.3295
268.167 1.32936
268.267 1.32923
268.367 1.3291
268.467 1.32896
268.567 1.32883
268.667 1.3287
268.767 1.32856
268.867 1.32842
268.967 1.32829
269.067 1.32815
269.167 1.32802
269.267 1.32788
269.367 1.32775
269.467 1.32761
269.567 1.32748
269.667 1.32734
269.767 1.32721
269.867 1.32707
269.967 1.32694
270.067 1.32681
270.167 1.32667
270.267 1.32654
270.367 1.32641
270.467 1.32629
270.567 1.32616
270.667 1.32603
270.767 1.3259
270.867 1.32576
270.967 1.32563
271.067 1.3255
271.167 1.32537
271.267 1.32523
271.367 1.3251
271.467 1.32497
271.567 1.32484
271.667 1.32471
271.767 1.32458
271.867 1.32445
271.967 1.32432
272.067 1.32419
272.167 1.32406
272.267 1.32394
272.367 1.32381
272.467 1.32368
272.567 1.32355
272.667 1.32342
272.767 1.32329
272.867 1.32316
272.967 1.32303
273.067 1.3229
273.167 1.32277
273.267 1.32265
273.367 1.32252
273.467 1.32239
273.567 1.32226
273.667 1.32213
273.767 1.322
273.867 1.32187
273.967 1.32175
274.067 1.32162
274.167 1.32149
274.267 1.32137
274.367 1.32124
274.467 1.32111
274.567 1.32099
274.667 1.32086
274.767 1.32073
274.867 1.3206
274.967 1.32048
275.067 1.32035
275.167 1.32022
275.267 1.32009
275.367 1.31997
275.467 1.31984
275.567 1.31972
275.667 1.31959
275.767 1.31946
275.867 1.31934
275.967 1.31921
276.067 1.31909
276.167 1.31896
276.267 1.31883
276.367 1.31871
276.467 1.31858
276.567 1.31846
276.667 1.31833
276.767 1.31821
276.867 1.31808
276.967 1.31796
277.067 1.31783
277.167 1.31771
277.267 1.31758
277.367 1.31746
277.467 1.31733
277.567 1.31721
277.667 1.31709
277.767 1.31696
277.867 1.31684
277.967 1.31671
278.067 1.31659
278.167 1.31647
278.267 1.31634
278.367 1.31622
278.467 1.3161
278.567 1.31598
278.667 1.31585
278.767 1.31573
278.867 1.31561
278.967 1.31549
279.067 1.31537
279.167 1.31525
279.267 1.31512
279.367 1.315
279.467 1.31488
279.567 1.31476
279.667 1.31464
279.767 1.31452
279.867 1.3144
279.967 1.31428
280.067 1.31415
280.167 1.31403
280.267 1.31391
280.367 1.31379
280.467 1.31368
280.567 1.31356
280.667 1.31344
280.767 1.31332
280.867 1.3132
280.967 1.31308
281.067 1.31296
281.167 1.31284
281.267 1.31272
281.367 1.3126
281.467 1.31249
281.567 1.31237
281.667 1.31225
281.767 1.31213
281.867 1.31201
281.967 1.31189
282.067 1.31178
282.167 1.31166
282.267 1.31155
282.367 1.31143
282.467 1.31132
282.567 1.3112
282.667 1.31109
282.767 1.31097
282.867 1.31086
282.967 1.31074
283.067 1.31063
283.167 1.31051
283.267 1.3104
283.367 1.31028
283.467 1.31017
283.567 1.31005
283.667 1.30994
283.767 1.30982
283.867 1.30971
283.967 1.30959
284.067 1.30948
284.167 1.30937
284.267 1.30926
284.367 1.30914
284.467 1.30903
284.567 1.30892
284.667 1.3088
284.767 1.30869
284.867 1.30858
284.967 1.30847
285.067 1.30835
285.167 1.30824
285.267 1.30813
285.367 1.30802
285.467 1.3079
285.567 1.30779
285.667 1.30768
285.767 1.30756
285.867 1.30745
285.967 1.30734
286.067 1.30723
286.167 1.30712
286.267 1.30701
286.367 1.3069
286.467 1.30679
286.567 1.30668
286.667 1.30657
286.767 1.30646
286.867 1.30636
286.967 1.30625
287.067 1.30614
287.167 1.30603
287.267 1.30592
287.367 1.30581
287.467 1.3057
287.567 1.30559
287.667 1.30548
287.767 1.30538
287.867 1.30527
287.967 1.30517
288.067 1.30506
288.167 1.30496
288.267 1.30485
288.367 1.30474
288.467 1.30464
288.567 1.30453
288.667 1.30443
288.767 1.30432
288.867 1.30422
288.967 1.30411
289.067 1.304
289.167 1.3039
289.267 1.30379
289.367 1.30369
289.467 1.30359
289.567 1.30348
289.667 1.30338
289.767 1.30328
289.867 1.30317
289.967 1.30307
290.067 1.30297
290.167 1.30287
290.267 1.30276
290.367 1.30266
290.467 1.30256
290.567 1.30246
290.667 1.30235
290.767 1.30225
290.867 1.30215
290.967 1.30205
291.067 1.30195
291.167 1.30184
291.267 1.30174
291.367 1.30164
291.467 1.30154
291.567 1.30144
291.667 1.30134
291.767 1.30125
291.867 1.30115
291.967 1.30105
292.067 1.30095
292.167 1.30085
292.267 1.30075
292.367 1.30065
292.467 1.30055
292.567 1.30045
292.667 1.30035
292.767 1.30026
292.867 1.30016
292.967 1.30007
293.067 1.29997
293.167 1.29988
293.267 1.29978
293.367 1.29969
293.467 1.29959
293.567 1.2995
293.667 1.2994
293.767 1.29931
293.867 1.29921
293.967 1.29912
294.067 1.29902
294.167 1.29893
294.267 1.29883
294.367 1.29874
294.467 1.29865
294.567 1.29856
294.667 1.29847
294.767 1.29838
294.867 1.29829
294.967 1.2982
295.067 1.29811
295.167 1.29801
295.267 1.29792
295.367 1.29783
295.467 1.29774
295.567 1.29765
295.667 1.29756
295.767 1.29747
295.867 1.29738
295.967 1.29729
296.067 1.29721
296.167 1.29712
296.267 1.29703
296.367 1.29695
296.467 1.29686
296.567 1.29677
296.667 1.29669
296.767 1.2966
296.867 1.29651
296.967 1.29643
297.067 1.29634
297.167 1.29625
297.267 1.29617
297.367 1.29608
297.467 1.29599
297.567 1.29591
297.667 1.29582
297.767 1.29574
297.867 1.29565
297.967 1.29557
298.067 1.29549
298.167 1.2954
298.267 1.29532
298.367 1.29524
298.467 1.29515
298.567 1.29507
298.667 1.29499
298.767 1.2949
298.867 1.29482
298.967 1.29474
299.067 1.29465
299.167 1.29457
299.267 1.29449
299.367 1.29441
299.467 1.29433
299.567 1.29425
299.667 1.29417
299.767 1.29409
299.867 1.29401
299.967 1.29393
300.067 1.29385
300.167 1.29377
300.267 1.29369
300.367 1.29361
300.467 1.29353
300.567 1.29345
300.667 1.29337
300.767 1.29329
300.867 1.29322
300.967 1.29314
301.067 1.29306
301.167 1.29298
301.267 1.29291
301.367 1.29283
301.467 1.29275
301.567 1.29267
301.667 1.2926
301.767 1.29252
301.867 1.29244
301.967 1.29237
302.067 1.29229
302.167 1.29222
302.267 1.29214
302.367 1.29207
302.467 1.29199
302.567 1.29192
302.667 1.29185
302.767 1.29177
302.867 1.2917
302.967 1.29162
303.067 1.29155
303.167 1.29148
303.267 1.2914
303.367 1.29133
303.467 1.29126
303.567 1.29118
303.667 1.29111
303.767 1.29104
303.867 1.29097
303.967 1.2909
304.067 1.29083
304.167 1.29076
304.267 1.29068
304.367 1.29061
304.467 1.29054
304.567 1.29047
304.667 1.2904
304.767 1.29033
304.867 1.29026
304.967 1.29019
305.067 1.29012
305.167 1.29005
305.267 1.28998
305.367 1.28991
305.467 1.28984
305.567 1.28977
305.667 1.2897
305.767 1.28963
305.867 1.28956
305.967 1.2895
306.067 1.28943
306.167 1.28936
306.267 1.28929
306.367 1.28922
306.467 1.28915
306.567 1.28909
306.667 1.28902
306.767 1.28895
306.867 1.28888
306.967 1.28882
307.067 1.28875
307.167 1.28868
307.267 1.28861
307.367 1.28855
307.467 1.28848
307.567 1.28841
307.667 1.28835
307.767 1.28828
307.867 1.28821
307.967 1.28815
308.067 1.28808
308.167 1.28802
308.267 1.28795
308.367 1.28788
308.467 1.28782
308.567 1.28775
308.667 1.28769
308.767 1.28762
308.867 1.28755
308.967 1.28749
309.067 1.28742
309.167 1.28736
309.267 1.28729
309.367 1.28723
309.467 1.28716
309.567 1.2871
309.667 1.28703
309.767 1.28697
309.867 1.2869
309.967 1.28684
310.067 1.28677
310.167 1.28671
310.267 1.28664
310.367 1.28658
310.467 1.28652
310.567 1.28645
310.667 1.28639
310.767 1.28632
310.867 1.28626
310.967 1.2862
311.067 1.28613
311.167 1.28607
311.267 1.286
311.367 1.28594
311.467 1.28587
311.567 1.28581
311.667 1.28575
311.767 1.28568
311.867 1.28562
311.967 1.28556
312.067 1.28549
312.167 1.28543
312.267 1.28537
312.367 1.2853
312.467 1.28524
312.567 1.28517
312.667 1.28511
312.767 1.28504
312.867 1.28498
312.967 1.28492
313.067 1.28485
313.167 1.28479
313.267 1.28473
313.367 1.28466
313.467 1.2846
313.567 1.28454
313.667 1.28447
313.767 1.28441
313.867 1.28434
313.967 1.28428
314.067 1.28422
314.167 1.28415
314.267 1.28409
314.367 1.28402
314.467 1.28396
314.567 1.28389
314.667 1.28383
314.767 1.28377
314.867 1.2837
314.967 1.28364
315.067 1.28357
315.167 1.28351
315.267 1.28344
315.367 1.28337
315.467 1.28331
315.567 1.28324
315.667 1.28318
315.767 1.28311
315.867 1.28305
315.967 1.28298
316.067 1.28292
316.167 1.28285
316.267 1.28278
316.367 1.28271
316.467 1.28265
316.567 1.28258
316.667 1.28251
316.767 1.28244
316.867 1.28237
316.967 1.2823
317.067 1.28224
317.167 1.28217
317.267 1.2821
317.367 1.28203
317.467 1.28196
317.567 1.28189
317.667 1.28182
317.767 1.28175
317.867 1.28168
317.967 1.28161
318.067 1.28154
318.167 1.28147
318.267 1.28139
318.367 1.28132
318.467 1.28125
318.567 1.28118
318.667 1.28111
318.767 1.28104
318.867 1.28096
318.967 1.28089
319.067 1.28082
319.167 1.28074
319.267 1.28067
319.367 1.28059
319.467 1.28052
319.567 1.28045
319.667 1.28037
319.767 1.2803
319.867 1.28022
319.967 1.28015
320.067 1.28007
320.167 1.27999
320.267 1.27992
320.367 1.27984
320.467 1.27976
320.567 1.27968
320.667 1.27961
320.767 1.27953
320.867 1.27945
320.967 1.27938
321.067 1.2793
321.167 1.27922
321.267 1.27913
321.367 1.27905
321.467 1.27897
321.567 1.27888
321.667 1.2788
321.767 1.27871
321.867 1.27863
321.967 1.27854
322.067 1.27846
322.167 1.27837
322.267 1.27829
322.367 1.27821
322.467 1.27812
322.567 1.27804
322.667 1.27795
322.767 1.27787
322.867 1.27778
322.967 1.2777
323.067 1.27761
323.167 1.27752
323.267 1.27744
323.367 1.27735
323.467 1.27726
323.567 1.27718
323.667 1.27709
323.767 1.277
323.867 1.27692
323.967 1.27683
324.067 1.27675
324.167 1.27666
324.267 1.27658
324.367 1.2765
324.467 1.27641
324.567 1.27633
324.667 1.27625
324.767 1.27616
324.867 1.27608
324.967 1.276
325.067 1.27592
325.167 1.27584
325.267 1.27576
325.367 1.27568
325.467 1.2756
325.567 1.27552
325.667 1.27544
325.767 1.27536
325.867 1.27527
325.967 1.27519
326.067 1.27512
326.167 1.27504
326.267 1.27496
326.367 1.27488
326.467 1.2748
326.567 1.27472
326.667 1.27464
326.767 1.27457
326.867 1.27449
326.967 1.27441
327.067 1.27433
327.167 1.27426
327.267 1.27418
327.367 1.2741
327.467 1.27403
327.567 1.27395
327.667 1.27387
327.767 1.27379
327.867 1.27372
327.967 1.27364
328.067 1.27356
328.167 1.27348
328.267 1.2734
328.367 1.27332
328.467 1.27324
328.567 1.27316
328.667 1.27308
328.767 1.27301
328.867 1.27293
328.967 1.27284
329.067 1.27276
329.167 1.27268
329.267 1.2726
329.367 1.27252
329.467 1.27244
329.567 1.27236
329.667 1.27228
329.767 1.2722
329.867 1.27212
329.967 1.27204
330.067 1.27196
330.167 1.27188
330.267 1.27179
330.367 1.27171
330.467 1.27163
330.567 1.27155
330.667 1.27147
330.767 1.27139
330.867 1.27131
330.967 1.27123
331.067 1.27114
331.167 1.27106
331.267 1.27098
331.367 1.2709
331.467 1.27082
331.567 1.27074
331.667 1.27065
331.767 1.27057
331.867 1.27049
331.967 1.27041
332.067 1.27032
332.167 1.27024
332.267 1.27016
332.367 1.27008
332.467 1.26999
332.567 1.26991
332.667 1.26983
332.767 1.26974
332.867 1.26966
332.967 1.26958
333.067 1.26949
333.167 1.26941
333.267 1.26933
333.367 1.26924
333.467 1.26916
333.567 1.26908
333.667 1.26899
333.767 1.26891
333.867 1.26883
333.967 1.26874
334.067 1.26866
334.167 1.26858
334.267 1.26849
334.367 1.26841
334.467 1.26833
334.567 1.26824
334.667 1.26816
334.767 1.26807
334.867 1.26799
334.967 1.26791
335.067 1.26782
335.167 1.26774
335.267 1.26765
335.367 1.26757
335.467 1.26749
335.567 1.2674
335.667 1.26732
335.767 1.26724
335.867 1.26715
335.967 1.26707
336.067 1.26698
336.167 1.2669
336.267 1.26682
336.367 1.26673
336.467 1.26665
336.567 1.26656
336.667 1.26648
336.767 1.2664
336.867 1.26631
336.967 1.26623
337.067 1.26614
337.167 1.26606
337.267 1.26598
337.367 1.26589
337.467 1.26581
337.567 1.26572
337.667 1.26564
337.767 1.26556
337.867 1.26547
337.967 1.26539
338.067 1.2653
338.167 1.26522
338.267 1.26514
338.367 1.26505
338.467 1.26497
338.567 1.26488
338.667 1.2648
338.767 1.26471
338.867 1.26463
338.967 1.26454
339.067 1.26446
339.167 1.26438
339.267 1.26429
339.367 1.26421
339.467 1.26412
339.567 1.26404
339.667 1.26395
339.767 1.26387
339.867 1.26378
339.967 1.2637
340.067 1.26361
340.167 1.26353
340.267 1.26344
340.367 1.26336
340.467 1.26327
340.567 1.26319
340.667 1.2631
340.767 1.26302
340.867 1.26293
340.967 1.26284
341.067 1.26276
341.167 1.26267
341.267 1.26259
341.367 1.2625
341.467 1.26241
341.567 1.26233
341.667 1.26224
341.767 1.26216
341.867 1.26207
341.967 1.26198
342.067 1.2619
342.167 1.26181
342.267 1.26172
342.367 1.26164
342.467 1.26155
342.567 1.26146
342.667 1.26138
342.767 1.26129
342.867 1.2612
342.967 1.26111
343.067 1.26102
343.167 1.26094
343.267 1.26085
343.367 1.26076
343.467 1.26067
343.567 1.26059
343.667 1.2605
343.767 1.26041
343.867 1.26032
343.967 1.26024
344.067 1.26015
344.167 1.26006
344.267 1.25997
344.367 1.25988
344.467 1.25979
344.567 1.25971
344.667 1.25962
344.767 1.25953
344.867 1.25944
344.967 1.25935
345.067 1.25926
345.167 1.25917
345.267 1.25908
345.367 1.25899
345.467 1.25891
345.567 1.25882
345.667 1.25873
345.767 1.25864
345.867 1.25855
345.967 1.25846
346.067 1.25837
346.167 1.25828
346.267 1.25819
346.367 1.2581
346.467 1.25802
346.567 1.25793
346.667 1.25784
346.767 1.25775
346.867 1.25766
346.967 1.25757
347.067 1.25748
347.167 1.25739
347.267 1.2573
347.367 1.25721
347.467 1.25712
347.567 1.25703
347.667 1.25694
347.767 1.25685
347.867 1.25676
347.967 1.25667
348.067 1.25658
348.167 1.25649
348.267 1.2564
348.367 1.25631
348.467 1.25622
348.567 1.25613
348.667 1.25604
348.767 1.25595
348.867 1.25586
348.967 1.25577
349.067 1.25568
349.167 1.25559
349.267 1.2555
349.367 1.25541
349.467 1.25533
349.567 1.25524
349.667 1.25515
349.767 1.25506
349.867 1.25497
349.967 1.25488
350.067 1.25479
350.167 1.2547
350.267 1.25461
350.367 1.25452
350.467 1.25443
350.567 1.25434
350.667 1.25425
350.767 1.25416
350.867 1.25407
350.967 1.25398
351.067 1.25389
351.167 1.2538
351.267 1.25371
351.367 1.25362
351.467 1.25353
351.567 1.25344
351.667 1.25335
351.767 1.25326
351.867 1.25317
351.967 1.25308
352.067 1.25299
352.167 1.2529
352.267 1.25281
352.367 1.25272
352.467 1.25263
352.567 1.25254
352.667 1.25245
352.767 1.25236
352.867 1.25228
352.967 1.25219
353.067 1.2521
353.167 1.25201
353.267 1.25192
353.367 1.25183
353.467 1.25174
353.567 1.25165
353.667 1.25156
353.767 1.25147
353.867 1.25138
353.967 1.2513
354.067 1.25121
354.167 1.25112
354.267 1.25103
354.367 1.25094
354.467 1.25085
354.567 1.25076
354.667 1.25067
354.767 1.25058
354.867 1.2505
354.967 1.25041
355.067 1.25032
355.167 1.25023
355.267 1.25014
355.367 1.25005
355.467 1.24997
355.567 1.24988
355.667 1.24979
355.767 1.2497
355.867 1.24961
355.967 1.24953
356.067 1.24944
356.167 1.24935
356.267 1.24926
356.367 1.24917
356.467 1.24909
356.567 1.249
356.667 1.24891
356.767 1.24882
356.867 1.24874
356.967 1.24865
357.067 1.24856
357.167 1.24847
357.267 1.24839
357.367 1.2483
357.467 1.24821
357.567 1.24813
357.667 1.24804
357.767 1.24795
357.867 1.24787
357.967 1.24778
358.067 1.24769
358.167 1.24761
358.267 1.24752
358.367 1.24743
358.467 1.24735
358.567 1.24726
358.667 1.24717
358.767 1.24709
358.867 1.247
358.967 1.24691
359.067 1.24683
359.167 1.24674
359.267 1.24666
359.367 1.24657
359.467 1.24648
359.567 1.2464
359.667 1.24631
359.767 1.24623
359.867 1.24614
359.967 1.24606
360.067 1.24597
360.167 1.24589
360.267 1.2458
360.367 1.24571
360.467 1.24563
360.567 1.24554
360.667 1.24546
360.767 1.24537
360.867 1.24529
360.967 1.2452
361.067 1.24512
361.167 1.24503
361.267 1.24495
361.367 1.24486
361.467 1.24478
361.567 1.24469
361.667 1.24461
361.767 1.24453
361.867 1.24444
361.967 1.24436
362.067 1.24427
362.167 1.24419
362.267 1.2441
362.367 1.24402
362.467 1.24393
362.567 1.24385
362.667 1.24376
362.767 1.24368
362.867 1.2436
362.967 1.24351
363.067 1.24343
363.167 1.24334
363.267 1.24326
363.367 1.24317
363.467 1.24309
363.567 1.243
363.667 1.24292
363.767 1.24284
363.867 1.24275
363.967 1.24267
364.067 1.24258
364.167 1.2425
364.267 1.24242
364.367 1.24233
364.467 1.24225
364.567 1.24216
364.667 1.24208
364.767 1.24199
364.867 1.24191
364.967 1.24183
365.067 1.24174
365.167 1.24166
365.267 1.24157
365.367 1.24149
365.467 1.24141
365.567 1.24132
365.667 1.24124
365.767 1.24115
365.867 1.24107
365.967 1.24099
366.067 1.2409
366.167 1.24082
366.267 1.24074
366.367 1.24065
366.467 1.24057
366.567 1.24048
366.667 1.2404
366.767 1.24032
366.867 1.24023
366.967 1.24015
367.067 1.24007
367.167 1.23998
367.267 1.2399
367.367 1.23982
367.467 1.23974
367.567 1.23965
367.667 1.23957
367.767 1.23949
367.867 1.2394
367.967 1.23932
368.067 1.23924
368.167 1.23915
368.267 1.23907
368.367 1.23899
368.467 1.23891
368.567 1.23883
368.667 1.23874
368.767 1.23866
368.867 1.23858
368.967 1.2385
369.067 1.23842
369.167 1.23833
369.267 1.23825
369.367 1.23817
369.467 1.23809
369.567 1.23801
369.667 1.23793
369.767 1.23785
369.867 1.23777
369.967 1.23769
370.067 1.23761
370.167 1.23753
370.267 1.23745
370.367 1.23737
370.467 1.23729
370.567 1.23721
370.667 1.23713
370.767 1.23705
370.867 1.23697
370.967 1.23689
371.067 1.23681
371.167 1.23673
371.267 1.23665
371.367 1.23657
371.467 1.2365
371.567 1.23642
371.667 1.23634
371.767 1.23626
371.867 1.23618
371.967 1.2361
372.067 1.23603
372.167 1.23595
372.267 1.23587
372.367 1.23579
372.467 1.23572
372.567 1.23564
372.667 1.23556
372.767 1.23549
372.867 1.23541
372.967 1.23533
373.067 1.23526
373.167 1.23518
373.267 1.2351
373.367 1.23502
373.467 1.23495
373.567 1.23487
373.667 1.23479
373.767 1.23471
373.867 1.23464
373.967 1.23456
374.067 1.23448
374.167 1.2344
374.267 1.23433
374.367 1.23425
374.467 1.23418
374.567 1.2341
374.667 1.23403
374.767 1.23396
374.867 1.23389
374.967 1.23382
375.067 1.23375
375.167 1.23368
375.267 1.23361
375.367 1.23354
375.467 1.23347
375.567 1.2334
375.667 1.23334
375.767 1.23327
375.867 1.23321
375.967 1.23314
376.067 1.23308
376.167 1.23302
376.267 1.23295
376.367 1.23289
376.467 1.23283
376.567 1.23276
376.667 1.23268
376.767 1.23261
376.867 1.23254
376.967 1.23246
377.067 1.23239
377.167 1.23232
377.267 1.23225
377.367 1.23217
377.467 1.2321
377.567 1.23202
377.667 1.23195
377.767 1.23187
377.867 1.23179
377.967 1.23172
378.067 1.23164
378.167 1.23157
378.267 1.23149
378.367 1.23142
378.467 1.23135
378.567 1.23128
378.667 1.23121
378.767 1.23114
378.867 1.23106
378.967 1.23099
379.067 1.23092
379.167 1.23085
379.267 1.23078
379.367 1.23071
379.467 1.23065
379.567 1.23058
379.667 1.23051
379.767 1.23045
379.867 1.23038
379.967 1.23032
380.067 1.23025
380.167 1.23019
380.267 1.23013
380.367 1.23006
380.467 1.23
380.567 1.22993
380.667 1.22987
380.767 1.2298
380.867 1.22974
380.967 1.22967
381.067 1.22961
381.167 1.22954
381.267 1.22948
381.367 1.22941
381.467 1.22934
381.567 1.22928
381.667 1.22921
381.767 1.22915
381.867 1.22908
381.967 1.22902
382.067 1.22895
382.167 1.22888
382.267 1.22882
382.367 1.22875
382.467 1.22869
382.567 1.22862
382.667 1.22856
382.767 1.22849
382.867 1.22843
382.967 1.22837
383.067 1.22831
383.167 1.22824
383.267 1.22818
383.367 1.22812
383.467 1.22806
383.567 1.22799
383.667 1.22793
383.767 1.22787
383.867 1.22781
383.967 1.22775
384.067 1.22769
384.167 1.22763
384.267 1.22757
384.367 1.22751
384.467 1.22745
384.567 1.22739
384.667 1.22733
384.767 1.22727
384.867 1.22721
384.967 1.22715
385.067 1.22709
385.167 1.22703
385.267 1.22697
385.367 1.22691
385.467 1.22685
385.567 1.22679
385.667 1.22673
385.767 1.22666
385.867 1.2266
385.967 1.22653
386.067 1.22646
386.167 1.22639
386.267 1.22633
386.367 1.22626
386.467 1.22619
386.567 1.22613
386.667 1.22606
386.767 1.22599
386.867 1.22592
386.967 1.22585
387.067 1.22578
387.167 1.22571
387.267 1.22564
387.367 1.22557
387.467 1.22551
387.567 1.22544
387.667 1.22537
387.767 1.2253
387.867 1.22524
387.967 1.22517
388.067 1.22511
388.167 1.22504
388.267 1.22498
388.367 1.22492
388.467 1.22485
388.567 1.22479
388.667 1.22473
388.767 1.22467
388.867 1.22461
388.967 1.22455
389.067 1.22449
389.167 1.22443
389.267 1.22437
389.367 1.22432
389.467 1.22426
389.567 1.2242
389.667 1.22414
389.767 1.22408
389.867 1.22403
389.967 1.22397
390.067 1.22391
390.167 1.22385
390.267 1.22379
390.367 1.22372
390.467 1.22366
390.567 1.2236
390.667 1.22354
390.767 1.22348
390.867 1.22342
390.967 1.22336
391.067 1.22329
391.167 1.22323
391.267 1.22317
391.367 1.22311
391.467 1.22305
391.567 1.22299
391.667 1.22293
391.767 1.22287
391.867 1.22281
391.967 1.22274
392.067 1.22268
392.167 1.22262
392.267 1.22256
392.367 1.2225
392.467 1.22244
392.567 1.22238
392.667 1.22232
392.767 1.22226
392.867 1.2222
392.967 1.22214
393.067 1.22207
393.167 1.22201
393.267 1.22195
393.367 1.22189
393.467 1.22183
393.567 1.22177
393.667 1.22171
393.767 1.22165
393.867 1.22159
393.967 1.22153
394.067 1.22146
394.167 1.22139
394.267 1.22132
394.367 1.22126
394.467 1.22119
394.567 1.22112
394.667 1.22105
394.767 1.22099
394.867 1.22092
394.967 1.22085
395.067 1.22079
395.167 1.22072
395.267 1.22066
395.367 1.22059
395.467 1.22052
395.567 1.22046
395.667 1.22039
395.767 1.22032
395.867 1.22026
395.967 1.22019
396.067 1.22013
396.167 1.22006
396.267 1.21999
396.367 1.21993
396.467 1.21987
396.567 1.21981
396.667 1.21975
396.767 1.2197
396.867 1.21964
396.967 1.21959
397.067 1.21953
397.167 1.21948
397.267 1.21942
397.367 1.21937
397.467 1.21931
397.567 1.21925
397.667 1.21919
397.767 1.21914
397.867 1.21908
397.967 1.21902
398.067 1.21897
398.167 1.21891
398.267 1.21885
398.367 1.2188
398.467 1.21874
398.567 1.21868
398.667 1.21862
398.767 1.21857
398.867 1.21851
398.967 1.21845
399.067 1.21839
399.167 1.21833
399.267 1.21828
399.367 1.21822
399.467 1.21816
399.567 1.2181
399.667 1.21804
399.767 1.21798
399.867 1.21791
399.967 1.21785
400.067 1.21779
400.167 1.21773
400.267 1.21767
400.367 1.2176
400.467 1.21754
400.567 1.21748
400.667 1.21742
400.767 1.21736
400.867 1.2173
400.967 1.21723
401.067 1.21717
401.167 1.21712
401.267 1.21706
401.367 1.21701
401.467 1.21696
401.567 1.2169
401.667 1.21685
401.767 1.21679
401.867 1.21674
401.967 1.21669
402.067 1.21664
402.167 1.21658
402.267 1.21653
402.367 1.21648
402.467 1.21643
402.567 1.21638
402.667 1.21633
402.767 1.21628
402.867 1.21623
402.967 1.21617
403.067 1.21612
403.167 1.21607
403.267 1.21602
403.367 1.21596
403.467 1.2159
403.567 1.21584
403.667 1.21579
403.767 1.21573
403.867 1.21567
403.967 1.21561
404.067 1.21556
404.167 1.2155
404.267 1.21544
404.367 1.21538
404.467 1.21532
404.567 1.21526
404.667 1.2152
404.767 1.21514
404.867 1.21508
404.967 1.21502
405.067 1.21497
405.167 1.21491
405.267 1.21485
405.367 1.21479
405.467 1.21473
405.567 1.21467
405.667 1.21461
405.767 1.21455
405.867 1.2145
405.967 1.21444
406.067 1.21438
406.167 1.21432
406.267 1.21426
406.367 1.2142
406.467 1.21415
406.567 1.21409
406.667 1.21403
406.767 1.21398
406.867 1.21392
406.967 1.21386
407.067 1.21381
407.167 1.21375
407.267 1.21369
407.367 1.21364
407.467 1.21358
407.567 1.21352
407.667 1.21347
407.767 1.21341
407.867 1.21335
407.967 1.2133
408.067 1.21324
408.167 1.21319
408.267 1.21313
408.367 1.21308
408.467 1.21302
408.567 1.21296
408.667 1.21291
408.767 1.21285
408.867 1.2128
408.967 1.21274
409.067 1.21268
409.167 1.21263
409.267 1.21257
409.367 1.21251
409.467 1.21246
409.567 1.2124
409.667 1.21234
409.767 1.21229
409.867 1.21223
409.967 1.21218
410.067 1.21212
410.167 1.21206
410.267 1.212
410.367 1.21195
410.467 1.21189
410.567 1.21183
410.667 1.21178
410.767 1.21172
410.867 1.21166
410.967 1.21161
411.067 1.21155
411.167 1.21149
411.267 1.21144
411.367 1.21138
411.467 1.21133
411.567 1.21127
411.667 1.21122
411.767 1.21116
411.867 1.21111
411.967 1.21106
412.067 1.211
412.167 1.21095
412.267 1.21089
412.367 1.21084
412.467 1.21079
412.567 1.21073
412.667 1.21068
412.767 1.21063
412.867 1.21058
412.967 1.21053
413.067 1.21047
413.167 1.21042
413.267 1.21037
413.367 1.21032
413.467 1.21027
413.567 1.21022
413.667 1.21017
413.767 1.21012
413.867 1.21007
413.967 1.21001
414.067 1.20996
414.167 1.20991
414.267 1.20985
414.367 1.2098
414.467 1.20975
414.567 1.20969
414.667 1.20964
414.767 1.20959
414.867 1.20953
414.967 1.20948
415.067 1.20942
415.167 1.20937
415.267 1.20931
415.367 1.20926
415.467 1.2092
415.567 1.20914
415.667 1.20909
415.767 1.20903
415.867 1.20897
415.967 1.20891
416.067 1.20886
416.167 1.20881
416.267 1.20875
416.367 1.2087
416.467 1.20864
416.567 1.20859
416.667 1.20854
416.767 1.20848
416.867 1.20843
416.967 1.20837
417.067 1.20832
417.167 1.20827
417.267 1.20821
417.367 1.20816
417.467 1.2081
417.567 1.20805
417.667 1.208
417.767 1.20794
417.867 1.20789
417.967 1.20784
418.067 1.20778
418.167 1.20773
418.267 1.20768
418.367 1.20763
418.467 1.20758
418.567 1.20753
418.667 1.20748
418.767 1.20743
418.867 1.20738
418.967 1.20733
419.067 1.20728
419.167 1.20723
419.267 1.20718
419.367 1.20713
419.467 1.20708
419.567 1.20703
419.667 1.20697
419.767 1.20692
419.867 1.20686
419.967 1.20681
420.067 1.20675
420.167 1.2067
420.267 1.20664
420.367 1.20659
420.467 1.20653
420.567 1.20648
420.667 1.20642
420.767 1.20636
420.867 1.20631
420.967 1.20625
421.067 1.20619
421.167 1.20614
421.267 1.20608
421.367 1.20602
421.467 1.20597
421.567 1.20591
421.667 1.20586
421.767 1.2058
421.867 1.20574
421.967 1.20569
422.067 1.20563
422.167 1.20558
422.267 1.20552
422.367 1.20547
422.467 1.20541
422.567 1.20535
422.667 1.2053
422.767 1.20524
422.867 1.20519
422.967 1.20513
423.067 1.20508
423.167 1.20502
423.267 1.20496
423.367 1.20491
423.467 1.20485
423.567 1.2048
423.667 1.20474
423.767 1.20469
423.867 1.20463
423.967 1.20458
424.067 1.20452
424.167 1.20447
424.267 1.20441
424.367 1.20436
424.467 1.20431
424.567 1.20425
424.667 1.2042
424.767 1.20414
424.867 1.20409
424.967 1.20403
425.067 1.20398
425.167 1.20392
425.267 1.20387
425.367 1.20382
425.467 1.20376
425.567 1.20371
425.667 1.20365
425.767 1.2036
425.867 1.20355
425.967 1.20349
426.067 1.20344
426.167 1.20338
426.267 1.20333
426.367 1.20328
426.467 1.20322
426.567 1.20317
426.667 1.20312
426.767 1.20306
426.867 1.20301
426.967 1.20296
427.067 1.2029
427.167 1.20285
427.267 1.2028
427.367 1.20274
427.467 1.20269
427.567 1.20264
427.667 1.20259
427.767 1.20253
427.867 1.20248
427.967 1.20243
428.067 1.20238
428.167 1.20232
428.267 1.20227
428.367 1.20222
428.467 1.20217
428.567 1.20212
428.667 1.20206
428.767 1.20201
428.867 1.20196
428.967 1.20191
429.067 1.20186
429.167 1.20181
429.267 1.20175
429.367 1.2017
429.467 1.20165
429.567 1.2016
429.667 1.20155
429.767 1.2015
429.867 1.20145
429.967 1.2014
430.067 1.20134
430.167 1.20129
430.267 1.20124
430.367 1.20119
430.467 1.20114
430.567 1.20109
430.667 1.20104
430.767 1.20099
430.867 1.20094
430.967 1.20089
431.067 1.20084
431.167 1.20079
431.267 1.20074
431.367 1.20069
431.467 1.20064
431.567 1.20059
431.667 1.20054
431.767 1.20049
431.867 1.20044
431.967 1.20039
432.067 1.20034
432.167 1.20029
432.267 1.20024
432.367 1.20019
432.467 1.20014
432.567 1.20009
432.667 1.20004
432.767 1.19999
432.867 1.19994
432.967 1.19989
433.067 1.19984
433.167 1.1998
433.267 1.19975
433.367 1.1997
433.467 1.19965
433.567 1.1996
433.667 1.19956
433.767 1.19951
433.867 1.19946
433.967 1.19941
434.067 1.19936
434.167 1.19931
434.267 1.19926
434.367 1.19921
434.467 1.19916
434.567 1.19911
434.667 1.19906
434.767 1.19901
434.867 1.19896
434.967 1.19891
435.067 1.19886
435.167 1.19881
435.267 1.19876
435.367 1.19871
435.467 1.19866
435.567 1.19861
435.667 1.19856
435.767 1.19851
435.867 1.19846
435.967 1.19841
436.067 1.19836
436.167 1.19831
436.267 1.19826
436.367 1.19821
436.467 1.19816
436.567 1.19811
436.667 1.19806
436.767 1.19801
436.867 1.19796
436.967 1.19791
437.067 1.19787
437.167 1.19782
437.267 1.19777
