#########################################################################
:FileType xy  ASCII  EnSim 1.0
# Canadian Hydraulics Centre/National Research Council (c) 1998-2012
# DataType                 XY DataObject
#
:Application              BlueKenue
:Version                  3.3.4
:WrittenBy                sebastian
:CreationDate             Wed, Aug 02, 2023 02:32 PM
#
#------------------------------------------------------------------------
#
:AttributeName  1 
:AttributeUnits 1 m
:AttributeName  2 
:AttributeUnits 2 M
:EndHeader
0 1.94679
0.0999994 1.94673
0.199999 1.94666
0.299998 1.9466
0.399998 1.94653
0.499997 1.94644
0.599997 1.94633
0.699996 1.94621
0.799996 1.9461
0.899995 1.94599
0.999994 1.94588
1.09999 1.94574
1.19999 1.94557
1.29999 1.9454
1.39999 1.94523
1.49999 1.94506
1.59999 1.94489
1.69999 1.94471
1.79999 1.94452
1.89999 1.94433
1.99999 1.94413
2.09999 1.94394
2.19999 1.94375
2.29999 1.94355
2.39999 1.94336
2.49999 1.94316
2.59999 1.94297
2.69998 1.94277
2.79998 1.94258
2.89998 1.94238
2.99998 1.94219
3.09998 1.942
3.19998 1.94181
3.29998 1.94162
3.39998 1.94142
3.49998 1.94123
3.59998 1.94104
3.69998 1.94086
3.79998 1.94067
3.89998 1.94049
3.99998 1.9403
4.09998 1.94012
4.19998 1.93993
4.29998 1.93975
4.39998 1.93957
4.49997 1.93939
4.59997 1.9392
4.69997 1.93902
4.79997 1.93884
4.89997 1.93866
4.99997 1.93848
5.09997 1.9383
5.19997 1.93812
5.29997 1.93794
5.39997 1.93776
5.49997 1.93758
5.59997 1.9374
5.69997 1.93722
5.79997 1.93704
5.89997 1.93687
5.99997 1.93669
6.09997 1.93651
6.19997 1.93633
6.29996 1.93615
6.39996 1.93597
6.49996 1.93579
6.59996 1.93561
6.69996 1.93543
6.79996 1.93525
6.89996 1.93507
6.99996 1.93489
7.09996 1.93471
7.19996 1.93453
7.29996 1.93436
7.39996 1.93418
7.49996 1.934
7.59996 1.93382
7.69996 1.93364
7.79996 1.93346
7.89996 1.93328
7.99996 1.9331
8.09995 1.93292
8.19995 1.93274
8.29995 1.93256
8.39995 1.93238
8.49995 1.9322
8.59995 1.93202
8.69995 1.93185
8.79995 1.93167
8.89995 1.93149
8.99995 1.93131
9.09995 1.93113
9.19995 1.93095
9.29995 1.93077
9.39995 1.93059
9.49995 1.93041
9.59995 1.93023
9.69995 1.93005
9.79995 1.92987
9.89994 1.92969
9.99994 1.92951
10.0999 1.92933
10.1999 1.92916
10.2999 1.92898
10.3999 1.9288
10.4999 1.92862
10.5999 1.92844
10.6999 1.92826
10.7999 1.92808
10.8999 1.9279
10.9999 1.92772
11.0999 1.92754
11.1999 1.92736
11.2999 1.92718
11.3999 1.92701
11.4999 1.92683
11.5999 1.92665
11.6999 1.92647
11.7999 1.92629
11.8999 1.92611
11.9999 1.92593
12.0999 1.92575
12.1999 1.92557
12.2999 1.9254
12.3999 1.92522
12.4999 1.92504
12.5999 1.92486
12.6999 1.92468
12.7999 1.9245
12.8999 1.92432
12.9999 1.92414
13.0999 1.92396
13.1999 1.92379
13.2999 1.92361
13.3999 1.92343
13.4999 1.92325
13.5999 1.92307
13.6999 1.92289
13.7999 1.92271
13.8999 1.92254
13.9999 1.92236
14.0999 1.92218
14.1999 1.922
14.2999 1.92182
14.3999 1.92164
14.4999 1.92146
14.5999 1.92129
14.6999 1.92111
14.7999 1.92093
14.8999 1.92075
14.9999 1.92057
15.0999 1.92039
15.1999 1.92022
15.2999 1.92004
15.3999 1.91986
15.4999 1.91968
15.5999 1.9195
15.6999 1.91932
15.7999 1.91915
15.8999 1.91897
15.9999 1.91879
16.0999 1.91861
16.1999 1.91843
16.2999 1.91825
16.3999 1.91808
16.4999 1.9179
16.5999 1.91772
16.6999 1.91754
16.7999 1.91736
16.8999 1.91719
16.9999 1.91701
17.0999 1.91683
17.1999 1.91665
17.2999 1.91647
17.3999 1.9163
17.4999 1.91612
17.5999 1.91594
17.6999 1.91576
17.7999 1.91558
17.8999 1.91541
17.9999 1.91523
18.0999 1.91505
18.1999 1.91487
18.2999 1.9147
18.3999 1.91452
18.4999 1.91434
18.5999 1.91416
18.6999 1.91398
18.7999 1.91381
18.8999 1.91363
18.9999 1.91345
19.0999 1.91327
19.1999 1.9131
19.2999 1.91292
19.3999 1.91274
19.4999 1.91256
19.5999 1.91238
19.6999 1.91221
19.7999 1.91203
19.8999 1.91185
19.9999 1.91167
20.0999 1.9115
20.1999 1.91132
20.2999 1.91114
20.3999 1.91096
20.4999 1.91079
20.5999 1.91061
20.6999 1.91043
20.7999 1.91026
20.8999 1.91008
20.9999 1.9099
21.0999 1.90972
21.1999 1.90955
21.2999 1.90937
21.3999 1.90919
21.4999 1.90901
21.5999 1.90884
21.6999 1.90866
21.7999 1.90848
21.8999 1.90831
21.9999 1.90813
22.0999 1.90795
22.1999 1.90777
22.2999 1.9076
22.3999 1.90742
22.4999 1.90724
22.5999 1.90707
22.6999 1.90689
22.7999 1.90671
22.8999 1.90653
22.9999 1.90636
23.0999 1.90618
23.1999 1.906
23.2999 1.90583
23.3999 1.90565
23.4999 1.90547
23.5999 1.9053
23.6999 1.90512
23.7999 1.90494
23.8999 1.90477
23.9999 1.90459
24.0999 1.90441
24.1999 1.90423
24.2999 1.90406
24.3999 1.90388
24.4999 1.9037
24.5999 1.90353
24.6999 1.90335
24.7999 1.90317
24.8999 1.903
24.9999 1.90282
25.0999 1.90264
25.1999 1.90247
25.2999 1.90229
25.3999 1.90211
25.4999 1.90194
25.5999 1.90176
25.6999 1.90159
25.7999 1.90141
25.8999 1.90123
25.9999 1.90106
26.0999 1.90088
26.1999 1.9007
26.2999 1.90053
26.3999 1.90035
26.4999 1.90017
26.5999 1.9
26.6999 1.89982
26.7999 1.89964
26.8999 1.89947
26.9998 1.89929
27.0998 1.89912
27.1998 1.89894
27.2998 1.89876
27.3998 1.89859
27.4998 1.89841
27.5998 1.89824
27.6998 1.89806
27.7998 1.89788
27.8998 1.89771
27.9998 1.89753
28.0998 1.89735
28.1998 1.89718
28.2998 1.897
28.3998 1.89683
28.4998 1.89665
28.5998 1.89647
28.6998 1.8963
28.7998 1.89612
28.8998 1.89595
28.9998 1.89577
29.0998 1.89559
29.1998 1.89542
29.2998 1.89524
29.3998 1.89507
29.4998 1.89489
29.5998 1.89472
29.6998 1.89454
29.7998 1.89436
29.8998 1.89419
29.9998 1.89401
30.0998 1.89384
30.1998 1.89366
30.2998 1.89349
30.3998 1.89331
30.4998 1.89313
30.5998 1.89296
30.6998 1.89278
30.7998 1.89261
30.8998 1.89243
30.9998 1.89226
31.0998 1.89208
31.1998 1.89191
31.2998 1.89173
31.3998 1.89155
31.4998 1.89138
31.5998 1.8912
31.6998 1.89103
31.7998 1.89085
31.8998 1.89068
31.9998 1.8905
32.0998 1.89033
32.1998 1.89015
32.2998 1.88998
32.3998 1.8898
32.4998 1.88963
32.5998 1.88945
32.6998 1.88928
32.7998 1.8891
32.8998 1.88893
32.9998 1.88875
33.0998 1.88857
33.1998 1.8884
33.2998 1.88822
33.3998 1.88805
33.4998 1.88787
33.5998 1.8877
33.6998 1.88752
33.7998 1.88735
33.8998 1.88717
33.9998 1.887
34.0998 1.88682
34.1998 1.88665
34.2998 1.88647
34.3998 1.8863
34.4998 1.88613
34.5998 1.88595
34.6998 1.88578
34.7998 1.8856
34.8998 1.88543
34.9998 1.88525
35.0998 1.88508
35.1998 1.8849
35.2998 1.88473
35.3998 1.88455
35.4998 1.88438
35.5998 1.8842
35.6998 1.88403
35.7998 1.88385
35.8998 1.88368
35.9998 1.8835
36.0998 1.88333
36.1998 1.88316
36.2998 1.88298
36.3998 1.88281
36.4998 1.88263
36.5998 1.88246
36.6998 1.88228
36.7998 1.88211
36.8998 1.88193
36.9998 1.88176
37.0998 1.88159
37.1998 1.88141
37.2998 1.88124
37.3998 1.88106
37.4998 1.88089
37.5998 1.88071
37.6998 1.88054
37.7998 1.88037
37.8998 1.88019
37.9998 1.88002
38.0998 1.87984
38.1998 1.87967
38.2998 1.87949
38.3998 1.87932
38.4998 1.87915
38.5998 1.87897
38.6998 1.8788
38.7998 1.87862
38.8998 1.87845
38.9998 1.87828
39.0998 1.8781
39.1998 1.87793
39.2998 1.87775
39.3998 1.87758
39.4998 1.87741
39.5998 1.87723
39.6998 1.87706
39.7998 1.87688
39.8998 1.87671
39.9998 1.87654
40.0998 1.87636
40.1998 1.87619
40.2998 1.87602
40.3998 1.87584
40.4998 1.87567
40.5998 1.87549
40.6998 1.87532
40.7998 1.87515
40.8998 1.87497
40.9998 1.8748
41.0998 1.87463
41.1998 1.87445
41.2998 1.87428
41.3998 1.87411
41.4998 1.87393
41.5998 1.87376
41.6998 1.87359
41.7998 1.87341
41.8998 1.87324
41.9998 1.87306
42.0998 1.87289
42.1998 1.87272
42.2998 1.87254
42.3998 1.87237
42.4998 1.8722
42.5998 1.87203
42.6998 1.87185
42.7998 1.87168
42.8998 1.87151
42.9998 1.87133
43.0998 1.87116
43.1998 1.87099
43.2998 1.87081
43.3998 1.87064
43.4998 1.87047
43.5998 1.87029
43.6998 1.87012
43.7998 1.86995
43.8998 1.86977
43.9998 1.8696
44.0998 1.86943
44.1998 1.86926
44.2998 1.86908
44.3998 1.86891
44.4998 1.86874
44.5998 1.86856
44.6998 1.86839
44.7998 1.86822
44.8998 1.86804
44.9998 1.86787
45.0997 1.8677
45.1997 1.86753
45.2997 1.86735
45.3997 1.86718
45.4997 1.86701
45.5997 1.86684
45.6997 1.86666
45.7997 1.86649
45.8997 1.86632
45.9997 1.86614
46.0997 1.86597
46.1997 1.8658
46.2997 1.86563
46.3997 1.86545
46.4997 1.86528
46.5997 1.86511
46.6997 1.86494
46.7997 1.86476
46.8997 1.86459
46.9997 1.86442
47.0997 1.86425
47.1997 1.86407
47.2997 1.8639
47.3997 1.86373
47.4997 1.86356
47.5997 1.86339
47.6997 1.86321
47.7997 1.86304
47.8997 1.86287
47.9997 1.8627
48.0997 1.86252
48.1997 1.86235
48.2997 1.86218
48.3997 1.86201
48.4997 1.86184
48.5997 1.86166
48.6997 1.86149
48.7997 1.86132
48.8997 1.86115
48.9997 1.86098
49.0997 1.8608
49.1997 1.86063
49.2997 1.86046
49.3997 1.86029
49.4997 1.86012
49.5997 1.85994
49.6997 1.85977
49.7997 1.8596
49.8997 1.85943
49.9997 1.85926
50.0997 1.85908
50.1997 1.85891
50.2997 1.85874
50.3997 1.85857
50.4997 1.8584
50.5997 1.85823
50.6997 1.85805
50.7997 1.85788
50.8997 1.85771
50.9997 1.85754
51.0997 1.85737
51.1997 1.8572
51.2997 1.85702
51.3997 1.85685
51.4997 1.85668
51.5997 1.85651
51.6997 1.85634
51.7997 1.85617
51.8997 1.856
51.9997 1.85582
52.0997 1.85565
52.1997 1.85548
52.2997 1.85531
52.3997 1.85514
52.4997 1.85497
52.5997 1.8548
52.6997 1.85462
52.7997 1.85445
52.8997 1.85428
52.9997 1.85411
53.0997 1.85394
53.1997 1.85377
53.2997 1.8536
53.3997 1.85343
53.4997 1.85326
53.5997 1.85308
53.6997 1.85291
53.7997 1.85274
53.8997 1.85257
53.9997 1.8524
54.0997 1.85223
54.1997 1.85206
54.2997 1.85189
54.3997 1.85172
54.4997 1.85155
54.5997 1.85137
54.6997 1.8512
54.7997 1.85103
54.8997 1.85086
54.9997 1.85069
55.0997 1.85052
55.1997 1.85035
55.2997 1.85018
55.3997 1.85001
55.4997 1.84984
55.5997 1.84967
55.6997 1.8495
55.7997 1.84933
55.8997 1.84916
55.9997 1.84898
56.0997 1.84881
56.1997 1.84864
56.2997 1.84847
56.3997 1.8483
56.4997 1.84813
56.5997 1.84796
56.6997 1.84779
56.7997 1.84762
56.8997 1.84745
56.9997 1.84728
57.0997 1.84711
57.1997 1.84694
57.2997 1.84677
57.3997 1.8466
57.4997 1.84643
57.5997 1.84626
57.6997 1.84609
57.7997 1.84592
57.8997 1.84575
57.9997 1.84558
58.0997 1.84541
58.1997 1.84524
58.2997 1.84507
58.3997 1.8449
58.4997 1.84473
58.5997 1.84456
58.6997 1.84439
58.7997 1.84422
58.8997 1.84405
58.9997 1.84388
59.0997 1.84371
59.1997 1.84354
59.2997 1.84337
59.3997 1.8432
59.4997 1.84303
59.5997 1.84286
59.6997 1.84269
59.7997 1.84252
59.8997 1.84235
59.9997 1.84218
60.0997 1.84201
60.1997 1.84184
60.2997 1.84167
60.3997 1.8415
60.4997 1.84133
60.5997 1.84116
60.6997 1.84099
60.7997 1.84082
60.8997 1.84065
60.9997 1.84048
61.0997 1.84031
61.1997 1.84014
61.2997 1.83997
61.3997 1.8398
61.4997 1.83963
61.5997 1.83946
61.6997 1.8393
61.7997 1.83913
61.8997 1.83896
61.9997 1.83879
62.0997 1.83862
62.1997 1.83845
62.2997 1.83828
62.3997 1.83811
62.4997 1.83794
62.5997 1.83777
62.6997 1.8376
62.7997 1.83743
62.8997 1.83726
62.9996 1.83709
63.0996 1.83693
63.1996 1.83676
63.2996 1.83659
63.3996 1.83642
63.4996 1.83625
63.5996 1.83608
63.6996 1.83591
63.7996 1.83574
63.8996 1.83557
63.9996 1.83541
64.0996 1.83524
64.1996 1.83507
64.2996 1.8349
64.3996 1.83473
64.4996 1.83456
64.5996 1.83439
64.6996 1.83422
64.7996 1.83405
64.8996 1.83389
64.9996 1.83372
65.0996 1.83355
65.1996 1.83338
65.2996 1.83321
65.3996 1.83304
65.4996 1.83287
65.5996 1.83271
65.6996 1.83254
65.7996 1.83237
65.8996 1.8322
65.9996 1.83203
66.0996 1.83186
66.1996 1.83169
66.2996 1.83153
66.3996 1.83136
66.4996 1.83119
66.5996 1.83102
66.6996 1.83085
66.7996 1.83068
66.8996 1.83052
66.9996 1.83035
67.0996 1.83018
67.1996 1.83001
67.2996 1.82984
67.3996 1.82968
67.4996 1.82951
67.5996 1.82934
67.6996 1.82917
67.7996 1.829
67.8996 1.82883
67.9996 1.82867
68.0996 1.8285
68.1996 1.82833
68.2996 1.82816
68.3996 1.828
68.4996 1.82783
68.5996 1.82766
68.6996 1.82749
68.7996 1.82732
68.8996 1.82716
68.9996 1.82699
69.0996 1.82682
69.1996 1.82665
69.2996 1.82648
69.3996 1.82632
69.4996 1.82615
69.5996 1.82598
69.6996 1.82581
69.7996 1.82565
69.8996 1.82548
69.9996 1.82531
70.0996 1.82514
70.1996 1.82498
70.2996 1.82481
70.3996 1.82464
70.4996 1.82447
70.5996 1.82431
70.6996 1.82414
70.7996 1.82397
70.8996 1.8238
70.9996 1.82364
71.0996 1.82347
71.1996 1.8233
71.2996 1.82313
71.3996 1.82297
71.4996 1.8228
71.5996 1.82263
71.6996 1.82247
71.7996 1.8223
71.8996 1.82213
71.9996 1.82196
72.0996 1.8218
72.1996 1.82163
72.2996 1.82146
72.3996 1.8213
72.4996 1.82113
72.5996 1.82096
72.6996 1.8208
72.7996 1.82063
72.8996 1.82046
72.9996 1.82029
73.0996 1.82013
73.1996 1.81996
73.2996 1.81979
73.3996 1.81963
73.4996 1.81946
73.5996 1.81929
73.6996 1.81913
73.7996 1.81896
73.8996 1.81879
73.9996 1.81863
74.0996 1.81846
74.1996 1.81829
74.2996 1.81813
74.3996 1.81796
74.4996 1.81779
74.5996 1.81763
74.6996 1.81746
74.7996 1.8173
74.8996 1.81713
74.9996 1.81696
75.0996 1.8168
75.1996 1.81663
75.2996 1.81646
75.3996 1.8163
75.4996 1.81613
75.5996 1.81596
75.6996 1.8158
75.7996 1.81563
75.8996 1.81547
75.9996 1.8153
76.0996 1.81513
76.1996 1.81497
76.2996 1.8148
76.3996 1.81464
76.4996 1.81447
76.5996 1.8143
76.6996 1.81414
76.7996 1.81397
76.8996 1.81381
76.9996 1.81364
77.0996 1.81347
77.1996 1.81331
77.2996 1.81314
77.3996 1.81298
77.4996 1.81281
77.5996 1.81264
77.6996 1.81248
77.7996 1.81231
77.8996 1.81215
77.9996 1.81198
78.0996 1.81182
78.1996 1.81165
78.2996 1.81148
78.3996 1.81132
78.4996 1.81115
78.5996 1.81099
78.6996 1.81082
78.7996 1.81066
78.8996 1.81049
78.9996 1.81033
79.0996 1.81016
79.1996 1.81
79.2996 1.80983
79.3996 1.80967
79.4996 1.8095
79.5996 1.80933
79.6996 1.80917
79.7996 1.809
79.8996 1.80884
79.9996 1.80867
80.0996 1.80851
80.1996 1.80834
80.2996 1.80818
80.3996 1.80802
80.4996 1.80785
80.5996 1.80769
80.6996 1.80752
80.7996 1.80736
80.8996 1.80719
80.9996 1.80703
81.0995 1.80686
81.1995 1.8067
81.2995 1.80653
81.3995 1.80637
81.4995 1.8062
81.5995 1.80604
81.6995 1.80587
81.7995 1.80571
81.8995 1.80554
81.9995 1.80538
82.0995 1.80522
82.1995 1.80505
82.2995 1.80489
82.3995 1.80472
82.4995 1.80456
82.5995 1.80439
82.6995 1.80423
82.7995 1.80407
82.8995 1.8039
82.9995 1.80374
83.0995 1.80357
83.1995 1.80341
83.2995 1.80325
83.3995 1.80308
83.4995 1.80292
83.5995 1.80275
83.6995 1.80259
83.7995 1.80243
83.8995 1.80226
83.9995 1.8021
84.0995 1.80194
84.1995 1.80177
84.2995 1.80161
84.3995 1.80145
84.4995 1.80128
84.5995 1.80112
84.6995 1.80096
84.7995 1.80079
84.8995 1.80063
84.9995 1.80047
85.0995 1.8003
85.1995 1.80014
85.2995 1.79998
85.3995 1.79981
85.4995 1.79965
85.5995 1.79949
85.6995 1.79933
85.7995 1.79916
85.8995 1.799
85.9995 1.79884
86.0995 1.79868
86.1995 1.79851
86.2995 1.79835
86.3995 1.79819
86.4995 1.79802
86.5995 1.79786
86.6995 1.7977
86.7995 1.79754
86.8995 1.79738
86.9995 1.79722
87.0995 1.79705
87.1995 1.79689
87.2995 1.79673
87.3995 1.79657
87.4995 1.79641
87.5995 1.79625
87.6995 1.79609
87.7995 1.79592
87.8995 1.79576
87.9995 1.7956
88.0995 1.79544
88.1995 1.79528
88.2995 1.79512
88.3995 1.79496
88.4995 1.7948
88.5995 1.79464
88.6995 1.79448
88.7995 1.79432
88.8995 1.79416
88.9995 1.794
89.0995 1.79384
89.1995 1.79368
89.2995 1.79353
89.3995 1.79337
89.4995 1.79321
89.5995 1.79305
89.6995 1.79289
89.7995 1.79273
89.8995 1.79257
89.9995 1.79241
90.0995 1.79225
90.1995 1.79209
90.2995 1.79194
90.3995 1.79178
90.4995 1.79163
90.5995 1.79147
90.6995 1.79132
90.7995 1.79116
90.8995 1.79101
90.9995 1.79085
91.0995 1.79069
91.1995 1.79054
91.2995 1.79038
91.3995 1.79022
91.4995 1.79007
91.5995 1.78991
91.6995 1.78975
91.7995 1.7896
91.8995 1.78944
91.9995 1.78929
92.0995 1.78913
92.1995 1.78898
92.2995 1.78883
92.3995 1.78868
92.4995 1.78853
92.5995 1.78838
92.6995 1.78822
92.7995 1.78807
92.8995 1.78792
92.9995 1.78776
93.0995 1.78761
93.1995 1.78745
93.2995 1.7873
93.3995 1.78714
93.4995 1.787
93.5995 1.78685
93.6995 1.7867
93.7995 1.78656
93.8995 1.78641
93.9995 1.78626
94.0995 1.78611
94.1995 1.78596
94.2995 1.7858
94.3995 1.78565
94.4995 1.78549
94.5995 1.78534
94.6995 1.78519
94.7995 1.78503
94.8995 1.78487
94.9995 1.78471
95.0995 1.78455
95.1995 1.7844
95.2995 1.78424
95.3995 1.78408
95.4995 1.78392
95.5995 1.78376
95.6995 1.7836
95.7995 1.78344
95.8995 1.78326
95.9995 1.78309
96.0995 1.78292
96.1995 1.78274
96.2995 1.78257
96.3995 1.7824
96.4995 1.78222
96.5995 1.78205
96.6995 1.78183
96.7995 1.78143
96.8995 1.78102
96.9995 1.78061
97.0995 1.78021
97.1995 1.7798
97.2995 1.77939
97.3995 1.77898
97.4995 1.77858
97.5995 1.77817
97.6995 1.77776
97.7995 1.77758
97.8995 1.77739
97.9995 1.77707
98.0995 1.77616
98.1995 1.77525
98.2995 1.77434
98.3995 1.77373
98.4995 1.77333
98.5995 1.77293
98.6995 1.77253
98.7995 1.77214
98.8995 1.77174
98.9995 1.77134
99.0994 1.77094
99.1994 1.76908
99.2994 1.76546
99.3994 1.76183
99.4994 1.75821
99.5994 1.75458
99.6994 1.75095
99.7994 1.74733
99.8994 1.74349
99.9994 1.73966
100.099 1.73583
100.199 1.73201
100.299 1.72812
100.399 1.72352
100.499 1.71891
100.599 1.71431
100.699 1.7097
100.799 1.7051
100.899 1.70037
100.999 1.69551
101.099 1.69064
101.199 1.68578
101.299 1.68092
101.399 1.67605
101.499 1.67381
101.599 1.67245
101.699 1.67109
101.799 1.66973
101.899 1.66837
101.999 1.66714
102.099 1.66608
102.199 1.66501
102.299 1.66395
102.399 1.66289
102.499 1.66183
102.599 1.66132
102.699 1.66149
102.799 1.66165
102.899 1.66182
102.999 1.66199
103.099 1.66216
103.199 1.66234
103.299 1.66257
103.399 1.6628
103.499 1.66303
103.599 1.66327
103.699 1.6635
103.799 1.66371
103.899 1.66393
103.999 1.66415
104.099 1.66436
104.199 1.66458
104.299 1.66479
104.399 1.66499
104.499 1.6652
104.599 1.6654
104.699 1.66561
104.799 1.66582
104.899 1.666
104.999 1.66593
105.099 1.66586
105.199 1.66579
105.299 1.66572
105.399 1.66565
105.499 1.66558
105.599 1.66551
105.699 1.66544
105.799 1.66536
105.899 1.66529
105.999 1.66522
106.099 1.66515
106.199 1.66503
106.299 1.66481
106.399 1.66459
106.499 1.66436
106.599 1.66414
106.699 1.66392
106.799 1.6637
106.899 1.66348
106.999 1.66326
107.099 1.66304
107.199 1.66281
107.299 1.66259
107.399 1.66237
107.499 1.66215
107.599 1.66194
107.699 1.66172
107.799 1.6615
107.899 1.66128
107.999 1.66104
108.099 1.66081
108.199 1.66058
108.299 1.66035
108.399 1.66011
108.499 1.65988
108.599 1.65965
108.699 1.65942
108.799 1.65918
108.899 1.65895
108.999 1.65872
109.099 1.65848
109.199 1.65825
109.299 1.65802
109.399 1.65779
109.499 1.65757
109.599 1.65735
109.699 1.65713
109.799 1.65692
109.899 1.65671
109.999 1.6565
110.099 1.6563
110.199 1.65609
110.299 1.65588
110.399 1.65567
110.499 1.65547
110.599 1.65526
110.699 1.65505
110.799 1.65484
110.899 1.65464
110.999 1.65443
111.099 1.65422
111.199 1.65401
111.299 1.65381
111.399 1.6536
111.499 1.65338
111.599 1.65316
111.699 1.65294
111.799 1.65272
111.899 1.65249
111.999 1.65227
112.099 1.65204
112.199 1.65182
112.299 1.65159
112.399 1.65137
112.499 1.65115
112.599 1.65092
112.699 1.6507
112.799 1.65048
112.899 1.65025
112.999 1.65003
113.099 1.64981
113.199 1.64959
113.299 1.64938
113.399 1.64916
113.499 1.64895
113.599 1.64873
113.699 1.64851
113.799 1.6483
113.899 1.64808
113.999 1.64786
114.099 1.64764
114.199 1.64742
114.299 1.6472
114.399 1.64698
114.499 1.64676
114.599 1.64654
114.699 1.64632
114.799 1.6461
114.899 1.64588
114.999 1.64565
115.099 1.64543
115.199 1.64521
115.299 1.64499
115.399 1.64476
115.499 1.64454
115.599 1.64431
115.699 1.64409
115.799 1.64386
115.899 1.64363
115.999 1.6434
116.099 1.64317
116.199 1.64294
116.299 1.64271
116.399 1.64248
116.499 1.64225
116.599 1.64202
116.699 1.64179
116.799 1.64156
116.899 1.64133
116.999 1.6411
117.099 1.64087
117.199 1.64064
117.299 1.6404
117.399 1.64017
117.499 1.63994
117.599 1.63971
117.699 1.63947
117.799 1.63924
117.899 1.63901
117.999 1.63878
118.099 1.63854
118.199 1.63831
118.299 1.63808
118.399 1.63785
118.499 1.63762
118.599 1.63739
118.699 1.63715
118.799 1.63692
118.899 1.63669
118.999 1.63646
119.099 1.63623
119.199 1.636
119.299 1.63577
119.399 1.63554
119.499 1.63531
119.599 1.63508
119.699 1.63485
119.799 1.63461
119.899 1.63438
119.999 1.63415
120.099 1.63391
120.199 1.63368
120.299 1.63344
120.399 1.63321
120.499 1.63298
120.599 1.63274
120.699 1.63251
120.799 1.63227
120.899 1.63204
120.999 1.6318
121.099 1.63157
121.199 1.63133
121.299 1.63109
121.399 1.63086
121.499 1.63062
121.599 1.63038
121.699 1.63014
121.799 1.6299
121.899 1.62967
121.999 1.62943
122.099 1.62919
122.199 1.62895
122.299 1.62871
122.399 1.62848
122.499 1.62824
122.599 1.628
122.699 1.62776
122.799 1.62752
122.899 1.62727
122.999 1.62703
123.099 1.62679
123.199 1.62655
123.299 1.62631
123.399 1.62606
123.499 1.62582
123.599 1.62558
123.699 1.62534
123.799 1.6251
123.899 1.62485
123.999 1.62461
124.099 1.62437
124.199 1.62412
124.299 1.62388
124.399 1.62363
124.499 1.62339
124.599 1.62314
124.699 1.62289
124.799 1.62265
124.899 1.6224
124.999 1.62216
125.099 1.62191
125.199 1.62167
125.299 1.62142
125.399 1.62118
125.499 1.62093
125.599 1.62069
125.699 1.62044
125.799 1.62019
125.899 1.61995
125.999 1.6197
126.099 1.61945
126.199 1.6192
126.299 1.61896
126.399 1.61871
126.499 1.61846
126.599 1.61821
126.699 1.61797
126.799 1.61772
126.899 1.61747
126.999 1.61722
127.099 1.61697
127.199 1.61672
127.299 1.61647
127.399 1.61622
127.499 1.61596
127.599 1.61571
127.699 1.61546
127.799 1.61521
127.899 1.61496
127.999 1.61471
128.099 1.61446
128.199 1.6142
128.299 1.61395
128.399 1.6137
128.499 1.61344
128.599 1.61319
128.699 1.61293
128.799 1.61268
128.899 1.61242
128.999 1.61217
129.099 1.61191
129.199 1.61165
129.299 1.6114
129.399 1.61114
129.499 1.61089
129.599 1.61063
129.699 1.61037
129.799 1.61012
129.899 1.60986
129.999 1.6096
130.099 1.60934
130.199 1.60908
130.299 1.60883
130.399 1.60857
130.499 1.60831
130.599 1.60805
130.699 1.60779
130.799 1.60753
130.899 1.60727
130.999 1.60702
131.099 1.60676
131.199 1.60649
131.299 1.60623
131.399 1.60597
131.499 1.60571
131.599 1.60545
131.699 1.60519
131.799 1.60493
131.899 1.60467
131.999 1.60441
132.099 1.60415
132.199 1.60389
132.299 1.60363
132.399 1.60336
132.499 1.6031
132.599 1.60284
132.699 1.60258
132.799 1.60231
132.899 1.60205
132.999 1.60179
133.099 1.60153
133.199 1.60126
133.299 1.601
133.399 1.60074
133.499 1.60048
133.599 1.60021
133.699 1.59995
133.799 1.59969
133.899 1.59942
133.999 1.59916
134.099 1.59889
134.199 1.59863
134.299 1.59837
134.399 1.5981
134.499 1.59784
134.599 1.59758
134.699 1.59731
134.799 1.59705
134.899 1.59678
134.999 1.59652
135.099 1.59625
135.199 1.59599
135.299 1.59572
135.399 1.59546
135.499 1.59519
135.599 1.59493
135.699 1.59466
135.799 1.5944
135.899 1.59413
135.999 1.59387
136.099 1.5936
136.199 1.59333
136.299 1.59307
136.399 1.5928
136.499 1.59254
136.599 1.59227
136.699 1.592
136.799 1.59174
136.899 1.59147
136.999 1.59121
137.099 1.59094
137.199 1.59067
137.299 1.5904
137.399 1.59014
137.499 1.58987
137.599 1.5896
137.699 1.58933
137.799 1.58907
137.899 1.5888
137.999 1.58853
138.099 1.58826
138.199 1.588
138.299 1.58773
138.399 1.58746
138.499 1.58719
138.599 1.58692
138.699 1.58666
138.799 1.58639
138.899 1.58612
138.999 1.58585
139.099 1.58558
139.199 1.58531
139.299 1.58504
139.399 1.58477
139.499 1.58451
139.599 1.58424
139.699 1.58397
139.799 1.5837
139.899 1.58343
139.999 1.58316
140.099 1.58289
140.199 1.58262
140.299 1.58235
140.399 1.58208
140.499 1.58181
140.599 1.58154
140.699 1.58127
140.799 1.58099
140.899 1.58072
140.999 1.58045
141.099 1.58018
141.199 1.57991
141.299 1.57964
141.399 1.57937
141.499 1.5791
141.599 1.57882
141.699 1.57855
141.799 1.57828
141.899 1.57801
141.999 1.57774
142.099 1.57747
142.199 1.57719
142.299 1.57692
142.399 1.57665
142.499 1.57638
142.599 1.5761
142.699 1.57583
142.799 1.57556
142.899 1.57529
142.999 1.57501
143.099 1.57474
143.199 1.57447
143.299 1.57419
143.399 1.57392
143.499 1.57365
143.599 1.57337
143.699 1.5731
143.799 1.57282
143.899 1.57255
143.999 1.57228
144.099 1.572
144.199 1.57173
144.299 1.57145
144.399 1.57118
144.499 1.5709
144.599 1.57063
144.699 1.57035
144.799 1.57008
144.899 1.5698
144.999 1.56953
145.099 1.56925
145.199 1.56898
145.299 1.5687
145.399 1.56843
145.499 1.56815
145.599 1.56788
145.699 1.5676
145.799 1.56732
145.899 1.56705
145.999 1.56677
146.099 1.56649
146.199 1.56622
146.299 1.56594
146.399 1.56566
146.499 1.56539
146.599 1.56511
146.699 1.56483
146.799 1.56456
146.899 1.56428
146.999 1.564
147.099 1.56372
147.199 1.56345
147.299 1.56317
147.399 1.56289
147.499 1.56261
147.599 1.56233
147.699 1.56206
147.799 1.56178
147.899 1.5615
147.999 1.56122
148.099 1.56094
148.199 1.56066
148.299 1.56038
148.399 1.5601
148.499 1.55983
148.599 1.55955
148.699 1.55927
148.799 1.55899
148.899 1.55871
148.999 1.55843
149.099 1.55815
149.199 1.55787
149.299 1.55759
149.399 1.55731
149.499 1.55703
149.599 1.55675
149.699 1.55647
149.799 1.55619
149.899 1.55591
149.999 1.55563
150.099 1.55534
150.199 1.55506
150.299 1.55478
150.399 1.5545
150.499 1.55422
150.599 1.55394
150.699 1.55366
150.799 1.55337
150.899 1.55309
150.999 1.55281
151.099 1.55253
151.199 1.55225
151.299 1.55196
151.399 1.55168
151.499 1.5514
151.599 1.55112
151.699 1.55083
151.799 1.55055
151.899 1.55027
151.999 1.54998
152.099 1.5497
152.199 1.54942
152.299 1.54913
152.399 1.54885
152.499 1.54857
152.599 1.54828
152.699 1.548
152.799 1.54772
152.899 1.54743
152.999 1.54715
153.099 1.54686
153.199 1.54658
153.299 1.54629
153.399 1.54601
153.499 1.54572
153.599 1.54544
153.699 1.54515
153.799 1.54487
153.899 1.54458
153.999 1.5443
154.099 1.54401
154.199 1.54373
154.299 1.54344
154.399 1.54315
154.499 1.54287
154.599 1.54258
154.699 1.5423
154.799 1.54201
154.899 1.54172
154.999 1.54144
155.099 1.54115
155.199 1.54086
155.299 1.54058
155.399 1.54029
155.499 1.54
155.599 1.53971
155.699 1.53943
155.799 1.53914
155.899 1.53885
155.999 1.53856
156.099 1.53828
156.199 1.53799
156.299 1.5377
156.399 1.53741
156.499 1.53712
156.599 1.53684
156.699 1.53655
156.799 1.53626
156.899 1.53597
156.999 1.53568
157.099 1.53539
157.199 1.5351
157.299 1.53481
157.399 1.53452
157.499 1.53423
157.599 1.53394
157.699 1.53365
157.799 1.53336
157.899 1.53307
157.999 1.53278
158.099 1.53249
158.199 1.5322
158.299 1.53191
158.399 1.53162
158.499 1.53133
158.599 1.53104
158.699 1.53075
158.799 1.53046
158.899 1.53017
158.999 1.52988
159.099 1.52958
159.199 1.52929
159.299 1.529
159.399 1.52871
159.499 1.52842
159.599 1.52812
159.699 1.52783
159.799 1.52754
159.899 1.52725
159.999 1.52696
160.099 1.52666
160.199 1.52637
160.299 1.52608
160.399 1.52578
160.499 1.52549
160.599 1.5252
160.699 1.52491
160.799 1.52461
160.899 1.52432
160.999 1.52403
161.099 1.52373
161.199 1.52344
161.299 1.52314
161.399 1.52285
161.499 1.52256
161.599 1.52226
161.699 1.52197
161.799 1.52167
161.899 1.52138
161.999 1.52108
162.099 1.52079
162.199 1.5205
162.299 1.5202
162.399 1.51991
162.499 1.51961
162.599 1.51932
162.699 1.51902
162.799 1.51872
162.899 1.51843
162.999 1.51813
163.099 1.51784
163.199 1.51754
163.299 1.51725
163.399 1.51695
163.499 1.51666
163.599 1.51636
163.699 1.51607
163.799 1.51577
163.899 1.51547
163.999 1.51518
164.099 1.51488
164.199 1.51458
164.299 1.51429
164.399 1.51399
164.499 1.5137
164.599 1.5134
164.699 1.5131
164.799 1.51281
164.899 1.51251
164.999 1.51221
165.099 1.51192
165.199 1.51162
165.299 1.51133
165.399 1.51103
165.499 1.51073
165.599 1.51044
165.699 1.51014
165.799 1.50984
165.899 1.50955
165.999 1.50925
166.099 1.50896
166.199 1.50866
166.299 1.50836
166.399 1.50807
166.499 1.50777
166.599 1.50748
166.699 1.50718
166.799 1.50689
166.899 1.50659
166.999 1.50629
167.099 1.506
167.199 1.5057
167.299 1.50541
167.399 1.50512
167.499 1.50482
167.599 1.50453
167.699 1.50424
167.799 1.50394
167.899 1.50365
167.999 1.50335
168.099 1.50306
168.199 1.50277
168.299 1.50247
168.399 1.50218
168.499 1.50189
168.599 1.5016
168.699 1.50131
168.799 1.50102
168.899 1.50074
168.999 1.50045
169.099 1.50016
169.199 1.49987
169.299 1.49958
169.399 1.49929
169.499 1.499
169.599 1.49871
169.699 1.49843
169.799 1.49815
169.899 1.49787
169.999 1.49759
170.099 1.4973
170.199 1.49702
170.299 1.49674
170.399 1.49646
170.499 1.49618
170.599 1.4959
170.699 1.49562
170.799 1.49534
170.899 1.49506
170.999 1.4948
171.099 1.49453
171.199 1.49426
171.299 1.494
171.399 1.49373
171.499 1.49346
171.599 1.4932
171.699 1.49293
171.799 1.49266
171.899 1.4924
171.999 1.49213
172.099 1.49187
172.199 1.49162
172.299 1.49137
172.399 1.49113
172.499 1.49089
172.599 1.49065
172.699 1.4904
172.799 1.49016
172.899 1.48992
172.999 1.48968
173.099 1.48943
173.199 1.48919
173.299 1.48895
173.399 1.48871
173.499 1.4885
173.599 1.4883
173.699 1.48809
173.799 1.48789
173.899 1.48768
173.999 1.48748
174.099 1.48727
174.199 1.48707
174.299 1.48686
174.399 1.48665
174.499 1.48645
174.599 1.48624
174.699 1.48607
174.799 1.48592
174.899 1.48577
174.999 1.48562
175.099 1.48547
175.199 1.48533
175.299 1.48518
175.399 1.48503
175.499 1.48488
175.599 1.48473
175.699 1.48458
175.799 1.48444
175.899 1.48429
175.999 1.48419
176.099 1.48413
176.199 1.48406
176.299 1.484
176.399 1.48393
176.499 1.48387
176.599 1.4838
176.699 1.48374
176.799 1.48367
176.899 1.48361
176.999 1.48354
177.099 1.48348
177.199 1.48342
177.299 1.48341
177.399 1.48346
177.499 1.48351
177.599 1.48356
177.699 1.4836
177.799 1.48365
177.899 1.4837
177.999 1.48375
178.099 1.4838
178.199 1.48385
178.299 1.4839
178.399 1.48396
178.499 1.48408
178.599 1.48421
178.699 1.48441
178.799 1.4846
178.899 1.4848
178.999 1.485
179.099 1.4852
179.199 1.4854
179.299 1.4856
179.399 1.48579
179.499 1.48599
179.599 1.48622
179.699 1.48645
179.799 1.48677
179.899 1.48712
179.999 1.48747
180.099 1.48758
180.199 1.48769
180.299 1.4878
180.399 1.48792
180.499 1.48803
180.599 1.48814
180.699 1.48829
180.798 1.48845
180.898 1.48861
180.998 1.48877
181.098 1.48893
181.198 1.48908
181.298 1.48924
181.398 1.4894
181.498 1.48953
181.598 1.48956
181.698 1.4896
181.798 1.48967
181.898 1.48978
181.998 1.48989
182.098 1.49
182.197 1.49011
182.297 1.49024
182.397 1.4904
182.497 1.49056
182.597 1.49071
182.697 1.49087
182.797 1.49103
182.897 1.49122
182.997 1.49145
183.097 1.49168
183.197 1.49188
183.297 1.49198
183.397 1.49209
183.497 1.49219
183.597 1.49229
183.696 1.49239
183.796 1.49249
183.896 1.49259
183.996 1.49275
184.096 1.49291
184.196 1.49308
184.296 1.49325
184.396 1.49342
184.496 1.49359
184.596 1.49375
184.696 1.49392
184.796 1.49409
184.896 1.49426
184.996 1.49433
185.095 1.49445
185.195 1.49458
185.295 1.49471
185.395 1.49483
185.495 1.49496
185.595 1.49509
185.695 1.49522
185.795 1.49534
185.895 1.49547
185.995 1.4956
186.095 1.49573
186.195 1.49586
186.295 1.496
186.395 1.49613
186.495 1.49627
186.594 1.4964
186.694 1.49653
186.794 1.49659
186.894 1.49666
186.994 1.49672
187.094 1.49679
187.194 1.49687
187.294 1.49694
187.394 1.49701
187.494 1.49709
187.594 1.49713
187.694 1.49718
187.794 1.49722
187.894 1.49727
187.993 1.49731
188.093 1.49732
188.193 1.49731
188.293 1.49729
188.393 1.49727
188.493 1.49725
188.593 1.49723
188.693 1.4972
188.793 1.49718
188.893 1.49716
188.993 1.49714
189.093 1.49709
189.193 1.497
189.293 1.49691
189.393 1.49681
189.492 1.49672
189.592 1.49662
189.692 1.49653
189.792 1.49643
189.892 1.49631
189.992 1.49617
190.092 1.49603
190.192 1.4958
190.292 1.49556
190.392 1.49534
190.492 1.49513
190.592 1.49491
190.692 1.4947
190.792 1.49449
190.891 1.49428
190.991 1.49407
191.091 1.49386
191.191 1.49363
191.291 1.49334
191.391 1.49304
191.491 1.49275
191.591 1.49245
191.691 1.49216
191.791 1.49186
191.891 1.49156
191.991 1.49127
192.091 1.49097
192.191 1.49068
192.29 1.49041
192.39 1.49009
192.49 1.48973
192.59 1.48936
192.69 1.48899
192.79 1.48861
192.89 1.48824
192.99 1.48787
193.09 1.4875
193.19 1.48713
193.29 1.48676
193.39 1.48638
193.49 1.48597
193.59 1.48553
193.69 1.4851
193.789 1.48466
193.889 1.48423
193.989 1.48383
194.089 1.48345
194.189 1.48307
194.289 1.48268
194.389 1.4823
194.489 1.48192
194.589 1.48152
194.689 1.4811
194.789 1.48069
194.889 1.48027
194.989 1.47985
195.089 1.47944
195.188 1.47902
195.288 1.4786
195.388 1.47819
195.488 1.47777
195.588 1.47739
195.688 1.47701
195.788 1.47663
195.888 1.47622
195.988 1.4758
196.088 1.47539
196.188 1.47498
196.288 1.47457
196.388 1.47415
196.488 1.47374
196.588 1.47333
196.687 1.47291
196.787 1.4725
196.887 1.47208
196.987 1.47167
197.087 1.47125
197.187 1.47089
197.287 1.47052
197.387 1.47015
197.487 1.46979
197.587 1.46942
197.687 1.46906
197.787 1.46871
197.887 1.46836
197.987 1.46801
198.086 1.46766
198.186 1.4673
198.286 1.46695
198.386 1.4666
198.486 1.46625
198.586 1.4659
198.686 1.46552
198.786 1.46517
198.886 1.46484
198.986 1.4645
199.086 1.46416
199.186 1.46383
199.286 1.46349
199.386 1.46316
199.486 1.46282
199.585 1.46249
199.685 1.46215
199.785 1.46182
199.885 1.46152
199.985 1.46124
200.085 1.46095
200.185 1.46067
200.285 1.46038
200.385 1.4601
200.485 1.45982
200.585 1.45953
200.685 1.45925
200.785 1.45892
200.885 1.45858
200.984 1.45825
201.084 1.45796
201.184 1.45769
201.284 1.45742
201.384 1.45716
201.484 1.45689
201.584 1.45662
201.684 1.45635
201.784 1.45609
201.884 1.45582
201.984 1.45555
202.084 1.45528
202.184 1.45502
202.284 1.45475
202.384 1.45451
202.483 1.45428
202.583 1.45406
202.683 1.45381
202.783 1.45357
202.883 1.45333
202.983 1.45308
203.083 1.45284
203.183 1.45259
203.283 1.45235
203.383 1.45211
203.483 1.45186
203.583 1.45162
203.683 1.45138
203.783 1.45114
203.882 1.4509
203.982 1.45067
204.082 1.45044
204.182 1.4502
204.282 1.44997
204.382 1.44973
204.482 1.44951
204.582 1.4493
204.682 1.44909
204.782 1.44888
204.882 1.44868
204.982 1.44847
205.082 1.44827
205.182 1.44807
205.282 1.44787
205.381 1.44766
205.481 1.44746
205.581 1.44725
205.681 1.44703
205.781 1.44681
205.881 1.44659
205.981 1.44638
206.081 1.44616
206.181 1.44595
206.281 1.44574
206.381 1.44554
206.481 1.44534
206.581 1.44514
206.681 1.44495
206.78 1.44476
206.88 1.44457
206.98 1.44438
207.08 1.44419
207.18 1.444
207.28 1.44381
207.38 1.44363
207.48 1.44344
207.58 1.44326
207.68 1.44307
207.78 1.44289
207.88 1.4427
207.98 1.44252
208.08 1.44233
208.18 1.44215
208.279 1.44195
208.379 1.44177
208.479 1.44159
208.579 1.44141
208.679 1.44123
208.779 1.44105
208.879 1.44088
208.979 1.4407
209.079 1.44052
209.179 1.44034
209.279 1.44017
209.379 1.43999
209.479 1.43981
209.579 1.43964
209.678 1.43946
209.778 1.43929
209.878 1.43911
209.978 1.43893
210.078 1.43876
210.178 1.43858
210.278 1.43841
210.378 1.43824
210.478 1.43807
210.578 1.4379
210.678 1.43773
210.778 1.43755
210.878 1.43738
210.978 1.4372
211.078 1.43703
211.177 1.43685
211.277 1.43668
211.377 1.4365
211.477 1.43633
211.577 1.43615
211.677 1.43598
211.777 1.43581
211.877 1.43563
211.977 1.43545
212.077 1.43528
212.177 1.43511
212.277 1.43494
212.377 1.43477
212.477 1.4346
212.576 1.43443
212.676 1.43426
212.776 1.43409
212.876 1.43392
212.976 1.43373
213.076 1.43355
213.176 1.43337
213.276 1.43319
213.376 1.433
213.476 1.43282
213.576 1.43264
213.676 1.43246
213.776 1.43228
213.876 1.4321
213.975 1.43191
214.075 1.43172
214.175 1.43153
214.275 1.43134
214.375 1.43115
214.475 1.43096
214.575 1.43077
214.675 1.43058
214.775 1.43039
214.875 1.43019
214.975 1.43
215.075 1.4298
215.175 1.42959
215.275 1.42939
215.375 1.42919
215.474 1.429
215.574 1.4288
215.674 1.4286
215.774 1.42841
215.874 1.42821
215.974 1.42801
216.074 1.42781
216.174 1.42761
216.274 1.42741
216.374 1.4272
216.474 1.427
216.574 1.4268
216.674 1.4266
216.774 1.4264
216.873 1.42619
216.973 1.42599
217.073 1.42579
217.173 1.42558
217.273 1.42538
217.373 1.42518
217.473 1.42498
217.573 1.42478
217.673 1.42457
217.773 1.42437
217.873 1.42417
217.973 1.42397
218.073 1.42377
218.173 1.42357
218.273 1.42337
218.372 1.42317
218.472 1.42297
218.572 1.42277
218.672 1.42257
218.772 1.42237
218.872 1.42217
218.972 1.42197
219.072 1.42177
219.172 1.42156
219.272 1.42134
219.372 1.42112
219.472 1.4209
219.572 1.42069
219.672 1.42047
219.771 1.42025
219.871 1.42003
219.971 1.41982
220.071 1.4196
220.171 1.41939
220.271 1.41917
220.371 1.41895
220.471 1.41874
220.571 1.41853
220.671 1.41832
220.771 1.41811
220.871 1.4179
220.971 1.41769
221.071 1.41749
221.171 1.41728
221.27 1.41707
221.37 1.41686
221.47 1.41666
221.57 1.41646
221.67 1.41627
221.77 1.41607
221.87 1.41587
221.97 1.41568
222.07 1.41548
222.17 1.41529
222.27 1.41509
222.37 1.41489
222.47 1.41469
222.57 1.41447
222.669 1.41424
222.769 1.41402
222.869 1.4138
222.969 1.41358
223.069 1.41335
223.169 1.41313
223.269 1.4129
223.369 1.41266
223.469 1.41242
223.569 1.41219
223.669 1.41194
223.769 1.4117
223.869 1.41146
223.969 1.41121
224.069 1.41097
224.168 1.41073
224.268 1.41048
224.368 1.41024
224.468 1.41
224.568 1.40976
224.668 1.40951
224.768 1.40927
224.868 1.40902
224.968 1.40878
225.068 1.40853
225.168 1.40828
225.268 1.40803
225.368 1.40779
225.468 1.40754
225.567 1.40729
225.667 1.40704
225.767 1.4068
225.867 1.40655
225.967 1.40629
226.067 1.40604
226.167 1.40578
226.267 1.40552
226.367 1.40526
226.467 1.40498
226.567 1.40471
226.667 1.40443
226.767 1.40416
226.867 1.40388
226.967 1.40361
227.066 1.40333
227.166 1.40305
227.266 1.40277
227.366 1.40249
227.466 1.40221
227.566 1.40193
227.666 1.40165
227.766 1.40137
227.866 1.40108
227.966 1.40078
228.066 1.40048
228.166 1.40017
228.266 1.39987
228.366 1.39957
228.465 1.39926
228.565 1.39896
228.665 1.39865
228.765 1.39835
228.865 1.39804
228.965 1.39774
229.065 1.39743
229.165 1.39713
229.265 1.39682
229.365 1.39652
229.465 1.39618
229.565 1.39585
229.665 1.39551
229.765 1.39517
229.865 1.39483
229.964 1.39449
230.064 1.39415
230.164 1.39381
230.264 1.39347
230.364 1.39313
230.464 1.39279
230.564 1.39246
230.664 1.39212
230.764 1.39179
230.864 1.39145
230.964 1.39107
231.064 1.39069
231.164 1.3903
231.264 1.38992
231.363 1.38953
231.463 1.38915
231.563 1.38876
231.663 1.38839
231.763 1.38803
231.863 1.38766
231.963 1.38729
232.063 1.38692
232.163 1.38656
232.263 1.38619
232.363 1.38582
232.463 1.3854
232.563 1.38498
232.663 1.38456
232.763 1.38414
232.862 1.38372
232.962 1.38329
233.062 1.38287
233.162 1.38245
233.262 1.38202
233.362 1.3816
233.462 1.38118
233.562 1.38076
233.662 1.38033
233.762 1.37992
233.862 1.37952
233.962 1.37907
234.062 1.37861
234.162 1.37816
234.261 1.37771
234.361 1.37725
234.461 1.3768
234.561 1.37634
234.661 1.37589
234.761 1.37543
234.861 1.37498
234.961 1.37455
235.061 1.3742
235.161 1.37386
235.261 1.37351
235.361 1.37313
235.461 1.37268
235.561 1.37223
235.66 1.37177
235.76 1.37132
235.86 1.37086
235.96 1.37041
236.06 1.36996
236.16 1.36966
236.26 1.36937
236.36 1.36907
236.46 1.36877
236.56 1.36847
236.66 1.36817
236.76 1.36787
236.86 1.36752
236.96 1.36713
237.06 1.36674
237.159 1.36635
237.259 1.36612
237.359 1.36593
237.459 1.36574
237.559 1.36555
237.659 1.36537
237.759 1.36518
237.859 1.36499
237.959 1.3648
238.059 1.36461
238.159 1.36442
238.259 1.36423
238.359 1.36413
238.459 1.36408
238.558 1.36401
238.658 1.36395
238.758 1.36388
238.858 1.36382
238.958 1.36375
239.058 1.36369
239.158 1.36362
239.258 1.36355
239.358 1.36349
239.458 1.36346
239.558 1.36348
239.658 1.3635
239.758 1.36353
239.858 1.36361
239.958 1.36369
240.057 1.36377
240.157 1.36386
240.257 1.36394
240.357 1.36402
240.457 1.3641
240.557 1.36419
240.657 1.36428
240.757 1.36437
240.857 1.36446
240.957 1.36455
241.057 1.36465
241.157 1.36474
241.257 1.36484
241.357 1.365
241.456 1.36515
241.556 1.36531
241.656 1.36546
241.756 1.36559
241.856 1.36571
241.956 1.36584
242.056 1.36596
242.156 1.36608
242.256 1.36621
242.356 1.36633
242.456 1.36645
242.556 1.36658
242.656 1.3667
242.756 1.36682
242.856 1.36697
242.955 1.36709
243.055 1.36721
243.155 1.36733
243.255 1.36746
243.355 1.36758
243.455 1.3677
243.555 1.36782
243.655 1.36794
243.755 1.36806
243.855 1.36819
243.955 1.3683
244.055 1.36839
244.155 1.36848
244.255 1.36857
244.354 1.36866
244.454 1.36878
244.554 1.3689
244.654 1.36902
244.754 1.36914
244.854 1.36926
244.954 1.36938
245.054 1.3695
245.154 1.36959
245.254 1.36968
245.354 1.36976
245.454 1.36985
245.554 1.36993
245.654 1.37001
245.754 1.3701
245.853 1.37018
245.953 1.36998
246.053 1.36981
246.154 1.36965
246.254 1.36949
246.354 1.36933
246.454 1.36915
246.554 1.36897
246.654 1.36878
246.754 1.3686
246.854 1.36841
246.954 1.36822
247.054 1.36804
247.154 1.36785
247.254 1.36769
247.354 1.36753
247.454 1.36738
247.554 1.36723
247.654 1.36708
247.754 1.36693
247.854 1.36678
247.954 1.36662
248.054 1.36644
248.154 1.36627
248.254 1.36609
248.354 1.36591
248.454 1.36576
248.554 1.36561
248.654 1.36546
248.754 1.36531
248.854 1.36517
248.954 1.36502
249.054 1.36487
249.154 1.36472
249.254 1.36457
249.354 1.36443
249.454 1.36428
249.554 1.36413
249.654 1.36397
249.754 1.36383
249.854 1.36368
249.954 1.36353
250.054 1.36338
250.154 1.36323
250.254 1.36308
250.354 1.36294
250.454 1.36279
250.554 1.36264
250.654 1.36249
250.754 1.36234
250.854 1.36219
250.954 1.36209
251.054 1.362
251.154 1.36192
251.254 1.36182
251.354 1.3617
251.455 1.36158
251.555 1.36146
251.655 1.36134
251.755 1.36121
251.855 1.36109
251.955 1.36097
252.055 1.36085
252.155 1.36074
252.255 1.36064
252.355 1.36055
252.455 1.36045
252.555 1.36036
252.655 1.36027
252.755 1.36017
252.855 1.36008
252.955 1.35999
253.055 1.35989
253.155 1.35982
253.255 1.35975
253.355 1.35966
253.455 1.35957
253.555 1.35948
253.655 1.35939
253.755 1.3593
253.855 1.35921
253.955 1.35911
254.055 1.35902
254.155 1.35892
254.255 1.35882
254.355 1.35872
254.455 1.35863
254.555 1.35853
254.655 1.35842
254.755 1.35833
254.855 1.35826
254.955 1.35819
255.055 1.35812
255.155 1.35805
255.255 1.35798
255.355 1.35791
255.455 1.35784
255.555 1.35777
255.655 1.3577
255.755 1.35763
255.855 1.35756
255.955 1.35749
256.055 1.35741
256.155 1.35734
256.255 1.35726
256.355 1.35719
256.455 1.35711
256.555 1.35706
256.656 1.35702
256.756 1.35698
256.856 1.35694
256.956 1.35689
257.056 1.35682
257.156 1.35676
257.256 1.35669
257.356 1.35663
257.456 1.35657
257.556 1.3565
257.656 1.35644
257.756 1.35637
257.856 1.35631
257.956 1.35624
258.056 1.35621
258.156 1.35617
258.256 1.35613
258.356 1.35607
258.456 1.35602
258.556 1.35596
258.656 1.35591
258.756 1.35585
258.856 1.3558
258.956 1.35574
259.056 1.35569
259.156 1.35563
259.256 1.35558
259.356 1.35553
259.456 1.35548
259.556 1.35543
259.656 1.35537
259.756 1.35532
259.856 1.35527
259.956 1.35522
260.056 1.35517
260.156 1.3551
260.256 1.35504
260.356 1.35499
260.456 1.35493
260.556 1.35488
260.656 1.35483
260.756 1.35478
260.856 1.35473
260.956 1.35469
261.056 1.35464
261.156 1.35459
261.256 1.35454
261.356 1.35449
261.456 1.35444
261.556 1.35439
261.656 1.35433
261.756 1.35428
261.856 1.35423
261.957 1.35418
262.057 1.35413
262.157 1.35408
262.257 1.35402
262.357 1.35397
262.457 1.35392
262.557 1.35386
262.657 1.35381
262.757 1.35376
262.857 1.35371
262.957 1.35365
263.057 1.3536
263.157 1.35355
263.257 1.3535
263.357 1.35344
263.457 1.35339
263.557 1.35334
263.657 1.3533
263.757 1.35325
263.857 1.35321
263.957 1.35315
264.057 1.3531
264.157 1.35304
264.257 1.35299
264.357 1.35293
264.457 1.35288
264.557 1.35282
264.657 1.35277
264.757 1.35272
264.857 1.35266
264.957 1.35261
265.057 1.35257
265.157 1.35252
265.257 1.35247
265.357 1.35242
265.457 1.35236
265.557 1.3523
265.657 1.35224
265.757 1.35218
265.857 1.35213
265.957 1.35207
266.057 1.35201
266.157 1.35196
266.257 1.3519
266.357 1.35184
266.457 1.35179
266.557 1.35173
266.657 1.35168
266.757 1.35162
266.857 1.35156
266.957 1.3515
267.057 1.35144
267.157 1.35138
267.258 1.35132
267.358 1.35126
267.458 1.3512
267.558 1.35113
267.658 1.35107
267.758 1.35101
267.858 1.35094
267.958 1.35088
268.058 1.35082
268.158 1.35076
268.258 1.3507
268.358 1.35064
268.458 1.35058
268.558 1.35052
268.658 1.35046
268.758 1.3504
268.858 1.35033
268.958 1.35027
269.058 1.3502
269.158 1.35014
269.258 1.35007
269.358 1.35001
269.458 1.34994
269.558 1.34987
269.658 1.3498
269.758 1.34974
269.858 1.34967
269.958 1.3496
270.058 1.34953
270.158 1.34945
270.258 1.34938
270.358 1.34931
270.458 1.34924
270.558 1.34917
270.658 1.3491
270.758 1.34903
270.858 1.34896
270.958 1.34889
271.058 1.34882
271.158 1.34875
271.258 1.34868
271.358 1.34861
271.458 1.34853
271.558 1.34846
271.658 1.34839
271.758 1.34831
271.858 1.34824
271.958 1.34817
272.058 1.34809
272.158 1.34802
272.258 1.34795
272.358 1.34788
272.459 1.34781
272.559 1.34774
272.659 1.34766
272.759 1.34757
272.859 1.34748
272.959 1.34739
273.059 1.3473
273.159 1.34721
273.259 1.34712
273.359 1.34702
273.459 1.34693
273.559 1.34684
273.659 1.34676
273.759 1.34667
273.859 1.34658
273.959 1.3465
274.059 1.3464
274.159 1.3463
274.259 1.34621
274.359 1.34611
274.459 1.34602
274.559 1.34593
274.659 1.34583
274.759 1.34574
274.859 1.34564
274.959 1.34555
275.059 1.34545
275.159 1.34536
275.259 1.34526
275.359 1.34517
275.459 1.34508
275.559 1.34499
275.659 1.34491
275.759 1.34482
275.859 1.34474
275.959 1.34465
276.059 1.34456
276.159 1.34448
276.259 1.34439
276.359 1.34431
276.459 1.34422
276.559 1.34414
276.659 1.34405
276.759 1.34396
276.859 1.34388
276.959 1.34379
277.059 1.3437
277.159 1.34361
277.259 1.34351
277.359 1.34342
277.459 1.34333
277.559 1.34323
277.659 1.34314
277.76 1.34305
277.86 1.34295
277.96 1.34286
278.06 1.34277
278.16 1.34267
278.26 1.34258
278.36 1.34249
278.46 1.34239
278.56 1.3423
278.66 1.34221
278.76 1.34212
278.86 1.34202
278.96 1.34193
279.06 1.34184
279.16 1.34175
279.26 1.34166
279.36 1.34157
279.46 1.34148
279.56 1.34138
279.66 1.34129
279.76 1.3412
279.86 1.34111
279.96 1.34102
280.06 1.34093
280.16 1.34085
280.26 1.34076
280.36 1.34068
280.46 1.34059
280.56 1.34051
280.66 1.34042
280.76 1.34034
280.86 1.34025
280.96 1.34017
281.06 1.34008
281.16 1.34
281.26 1.33991
281.36 1.33983
281.46 1.33975
281.56 1.33967
281.66 1.33958
281.76 1.3395
281.86 1.33942
281.96 1.33933
282.06 1.33925
282.16 1.33917
282.26 1.33908
282.36 1.339
282.46 1.33892
282.56 1.33884
282.66 1.33875
282.76 1.33867
282.86 1.33858
282.961 1.33849
283.061 1.3384
283.161 1.33831
283.261 1.33822
283.361 1.33813
283.461 1.33804
283.561 1.33795
283.661 1.33786
283.761 1.33776
283.861 1.33767
283.961 1.33758
284.061 1.33749
284.161 1.3374
284.261 1.33731
284.361 1.33722
284.461 1.33713
284.561 1.33704
284.661 1.33695
284.761 1.33686
284.861 1.33677
284.961 1.33667
285.061 1.33658
285.161 1.33649
285.261 1.3364
285.361 1.33631
285.461 1.33623
285.561 1.33614
285.661 1.33606
285.761 1.33597
285.861 1.33588
285.961 1.33579
286.061 1.3357
286.161 1.33561
286.261 1.33553
286.361 1.33544
286.461 1.33535
286.561 1.33526
286.661 1.33517
286.761 1.33509
286.861 1.335
286.961 1.33491
287.061 1.33483
287.161 1.33474
287.261 1.33465
287.361 1.33456
287.461 1.33447
287.561 1.33438
287.661 1.33429
287.761 1.3342
287.861 1.3341
287.961 1.33401
288.061 1.33392
288.161 1.33383
288.262 1.33374
288.362 1.33365
288.462 1.33356
288.562 1.33347
288.662 1.33337
288.762 1.33328
288.862 1.33319
288.962 1.33309
289.062 1.333
289.162 1.33291
289.262 1.33281
289.362 1.33272
289.462 1.33262
289.562 1.33253
289.662 1.33243
289.762 1.33234
289.862 1.33224
289.962 1.33214
290.062 1.33204
290.162 1.33194
290.262 1.33184
290.362 1.33174
290.462 1.33164
290.562 1.33154
290.662 1.33144
290.762 1.33134
290.862 1.33123
290.962 1.33113
291.062 1.33102
291.162 1.33092
291.262 1.33081
291.362 1.33071
291.462 1.3306
291.562 1.3305
291.662 1.3304
291.762 1.33029
291.862 1.33018
291.962 1.33008
292.062 1.32997
292.162 1.32986
292.262 1.32975
292.362 1.32964
292.462 1.32953
292.562 1.32943
292.662 1.32933
292.762 1.32923
292.862 1.32913
292.962 1.32903
293.062 1.32892
293.162 1.32882
293.262 1.32872
293.362 1.32862
293.463 1.32852
293.563 1.32842
293.663 1.32832
293.763 1.32822
293.863 1.32812
293.963 1.32803
294.063 1.32793
294.163 1.32783
294.263 1.32773
294.363 1.32764
294.463 1.32754
294.563 1.32744
294.663 1.32735
294.763 1.32725
294.863 1.32715
294.963 1.32706
295.063 1.32696
295.163 1.32686
295.263 1.32676
295.363 1.32667
295.463 1.32657
295.563 1.32647
295.663 1.32637
295.763 1.32628
295.863 1.32618
295.963 1.32608
296.063 1.32599
296.163 1.32589
296.263 1.32579
296.363 1.32569
296.463 1.3256
296.563 1.3255
296.663 1.3254
296.763 1.32531
296.863 1.32521
296.963 1.32512
297.063 1.32502
297.163 1.32492
297.263 1.32483
297.363 1.32473
297.463 1.32464
297.563 1.32454
297.663 1.32444
297.763 1.32435
297.863 1.32426
297.963 1.32416
298.063 1.32407
298.163 1.32397
298.263 1.32388
298.363 1.32378
298.463 1.32369
298.563 1.32359
298.663 1.3235
298.764 1.3234
298.864 1.32331
298.964 1.32321
299.064 1.32312
299.164 1.32303
299.264 1.32293
299.364 1.32284
299.464 1.32275
299.564 1.32265
299.664 1.32256
299.764 1.32247
299.864 1.32237
299.964 1.32228
300.064 1.32218
300.164 1.32209
300.264 1.322
300.364 1.3219
300.464 1.32181
300.564 1.32172
300.664 1.32162
300.764 1.32153
300.864 1.32144
300.964 1.32134
301.064 1.32125
301.164 1.32116
301.264 1.32106
301.364 1.32097
301.464 1.32088
301.564 1.32078
301.664 1.32069
301.764 1.32059
301.864 1.3205
301.964 1.3204
302.064 1.32031
302.164 1.32022
302.264 1.32012
302.364 1.32003
302.464 1.31993
302.564 1.31984
302.664 1.31974
302.764 1.31964
302.864 1.31954
302.964 1.31944
303.064 1.31933
303.164 1.31923
303.264 1.31913
303.364 1.31903
303.464 1.31892
303.564 1.31882
303.664 1.31872
303.764 1.31862
303.864 1.31851
303.965 1.3184
304.065 1.31829
304.165 1.31818
304.265 1.31808
304.365 1.31797
304.465 1.31786
304.565 1.31775
304.665 1.31764
304.765 1.31753
304.865 1.31743
304.965 1.31732
305.065 1.31721
305.165 1.31711
305.265 1.317
305.365 1.31689
305.465 1.31679
305.565 1.31668
305.665 1.31658
305.765 1.31647
305.865 1.31636
305.965 1.31625
306.065 1.31615
306.165 1.31604
306.265 1.31594
306.365 1.31583
306.465 1.31572
306.565 1.31561
306.665 1.3155
306.765 1.3154
306.865 1.31529
306.965 1.31518
307.065 1.31507
307.165 1.31496
307.265 1.31485
307.365 1.31474
307.465 1.31462
307.565 1.31451
307.665 1.3144
307.765 1.31429
307.865 1.31417
307.965 1.31406
308.065 1.31395
308.165 1.31383
308.265 1.31372
308.365 1.31361
308.465 1.3135
308.565 1.31338
308.665 1.31327
308.765 1.31316
308.865 1.31305
308.965 1.31293
309.065 1.31282
309.165 1.31271
309.266 1.3126
309.366 1.31248
309.466 1.31237
309.566 1.31226
309.666 1.31216
309.766 1.31205
309.866 1.31194
309.966 1.31183
310.066 1.31172
310.166 1.31161
310.266 1.3115
310.366 1.3114
310.466 1.31129
310.566 1.31118
310.666 1.31108
310.766 1.31097
310.866 1.31086
310.966 1.31076
311.066 1.31065
311.166 1.31055
311.266 1.31044
311.366 1.31033
311.466 1.31023
311.566 1.31012
311.666 1.31001
311.766 1.30991
311.866 1.3098
311.966 1.3097
312.066 1.30959
312.166 1.30949
312.266 1.30938
312.366 1.30928
312.466 1.30917
312.566 1.30907
312.666 1.30896
312.766 1.30886
312.866 1.30875
312.966 1.30864
313.066 1.30854
313.166 1.30843
313.266 1.30833
313.366 1.30822
313.466 1.30812
313.566 1.30801
313.666 1.30791
313.766 1.3078
313.866 1.3077
313.966 1.30759
314.066 1.30749
314.166 1.30738
314.266 1.30728
314.366 1.30718
314.466 1.30708
314.567 1.30698
314.667 1.30688
314.767 1.30678
314.867 1.30668
314.967 1.30659
315.067 1.30649
315.167 1.30639
315.267 1.30629
315.367 1.30619
315.467 1.30609
315.567 1.30599
315.667 1.30589
315.767 1.30579
315.867 1.30568
315.967 1.30558
316.067 1.30548
316.167 1.30538
316.267 1.30528
316.367 1.30518
316.467 1.30508
316.567 1.30498
316.667 1.30488
316.767 1.30478
316.867 1.30468
316.967 1.30458
317.067 1.30448
317.167 1.30438
317.267 1.30428
317.367 1.30417
317.467 1.30408
317.567 1.30398
317.667 1.30388
317.767 1.30378
317.867 1.30368
317.967 1.30358
318.067 1.30348
318.167 1.30339
318.267 1.30329
318.367 1.30319
318.467 1.30309
318.567 1.30299
318.667 1.30289
318.767 1.30279
318.867 1.30269
318.967 1.30258
319.067 1.30248
319.167 1.30238
319.267 1.30228
319.367 1.30218
319.467 1.30209
319.567 1.30199
319.667 1.30189
319.768 1.30179
319.868 1.30169
319.968 1.30159
320.068 1.30149
320.168 1.30139
320.268 1.30129
320.368 1.30119
320.468 1.30109
320.568 1.301
320.668 1.3009
320.768 1.30081
320.868 1.30071
320.968 1.30061
321.068 1.30052
321.168 1.30042
321.268 1.30033
321.368 1.30023
321.468 1.30014
321.568 1.30004
321.668 1.29995
321.768 1.29986
321.868 1.29976
321.968 1.29967
322.068 1.29958
322.168 1.29948
322.268 1.29939
322.368 1.29929
322.468 1.2992
322.568 1.2991
322.668 1.299
322.768 1.29891
322.868 1.29881
322.968 1.29871
323.068 1.29861
323.168 1.29851
323.268 1.29841
323.368 1.29831
323.468 1.29821
323.568 1.29811
323.668 1.298
323.768 1.2979
323.868 1.2978
323.968 1.2977
324.068 1.2976
324.168 1.2975
324.268 1.2974
324.368 1.2973
324.468 1.2972
324.568 1.2971
324.668 1.29701
324.768 1.29691
324.868 1.29681
324.968 1.29671
325.069 1.29662
325.169 1.29652
325.269 1.29642
325.369 1.29632
325.469 1.29622
325.569 1.29613
325.669 1.29603
325.769 1.29593
325.869 1.29583
325.969 1.29573
326.069 1.29564
326.169 1.29554
326.269 1.29544
326.369 1.29534
326.469 1.29524
326.569 1.29515
326.669 1.29505
326.769 1.29495
326.869 1.29485
326.969 1.29475
327.069 1.29464
327.169 1.29454
327.269 1.29444
327.369 1.29434
327.469 1.29424
327.569 1.29413
327.669 1.29403
327.769 1.29393
327.869 1.29383
327.969 1.29373
328.069 1.29363
328.169 1.29353
328.269 1.29343
328.369 1.29333
328.469 1.29323
328.569 1.29313
328.669 1.29303
328.769 1.29293
328.869 1.29283
328.969 1.29273
329.069 1.29263
329.169 1.29252
329.269 1.29242
329.369 1.29232
329.469 1.29221
329.569 1.29211
329.669 1.29201
329.769 1.29191
329.869 1.2918
329.969 1.2917
330.069 1.2916
330.169 1.2915
330.27 1.29139
330.37 1.29129
330.47 1.29119
330.57 1.29109
330.67 1.29099
330.77 1.29089
330.87 1.29079
330.97 1.29069
331.07 1.29059
331.17 1.29049
331.27 1.29039
331.37 1.29029
331.47 1.29019
331.57 1.29009
331.67 1.29
331.77 1.2899
331.87 1.2898
331.97 1.2897
332.07 1.2896
332.17 1.2895
332.27 1.2894
332.37 1.2893
332.47 1.2892
332.57 1.28909
332.67 1.28899
332.77 1.28888
332.87 1.28877
332.97 1.28867
333.07 1.28856
333.17 1.28845
333.27 1.28835
333.37 1.28824
333.47 1.28813
333.57 1.28803
333.67 1.28792
333.77 1.28782
333.87 1.28771
333.97 1.28761
334.07 1.2875
334.17 1.2874
334.27 1.2873
334.37 1.2872
334.47 1.2871
334.57 1.287
334.67 1.28691
334.77 1.28681
334.87 1.28671
334.97 1.28661
335.07 1.28652
335.17 1.28643
335.27 1.28634
335.37 1.28624
335.47 1.28615
335.571 1.28606
335.671 1.28597
335.771 1.28589
335.871 1.2858
335.971 1.28571
336.071 1.28562
336.171 1.28553
336.271 1.28544
336.371 1.28536
336.471 1.28527
336.571 1.28518
336.671 1.28509
336.771 1.285
336.871 1.28491
336.971 1.28483
337.071 1.28474
337.171 1.28465
337.271 1.28457
337.371 1.28448
337.471 1.28439
337.571 1.2843
337.671 1.28421
337.771 1.28413
337.871 1.28404
337.971 1.28395
338.071 1.28387
338.171 1.28378
338.271 1.28369
338.371 1.28361
338.471 1.28352
338.571 1.28344
338.671 1.28335
338.771 1.28327
338.871 1.28319
338.971 1.2831
339.071 1.28302
339.171 1.28293
339.271 1.28285
339.371 1.28277
339.471 1.28268
339.571 1.2826
339.671 1.28251
339.771 1.28243
339.871 1.28234
339.971 1.28225
340.071 1.28216
340.171 1.28207
340.271 1.28198
340.371 1.28188
340.471 1.28179
340.571 1.2817
340.671 1.28161
340.772 1.28152
340.872 1.28143
340.972 1.28134
341.072 1.28125
341.172 1.28117
341.272 1.28108
341.372 1.28099
341.472 1.28091
341.572 1.28082
341.672 1.28073
341.772 1.28065
341.872 1.28056
341.972 1.28048
342.072 1.28039
342.172 1.2803
342.272 1.28022
342.372 1.28013
342.472 1.28005
342.572 1.27996
342.672 1.27988
342.772 1.2798
342.872 1.27971
342.972 1.27963
343.072 1.27954
343.172 1.27945
343.272 1.27936
343.372 1.27927
343.472 1.27918
343.572 1.27909
343.672 1.279
343.772 1.27891
343.872 1.27882
343.972 1.27872
344.072 1.27863
344.172 1.27853
344.272 1.27843
344.372 1.27834
344.472 1.27824
344.572 1.27815
344.672 1.27805
344.772 1.27795
344.872 1.27786
344.972 1.27776
345.072 1.27767
345.172 1.27757
345.272 1.27747
345.372 1.27737
345.472 1.27728
345.572 1.27718
345.672 1.27709
345.772 1.27699
345.872 1.2769
345.972 1.27681
346.073 1.27671
346.173 1.27662
346.273 1.27653
346.373 1.27643
346.473 1.27633
346.573 1.27623
346.673 1.27614
346.773 1.27604
346.873 1.27594
346.973 1.27585
347.073 1.27575
347.173 1.27566
347.273 1.27556
347.373 1.27547
347.473 1.27537
347.573 1.27528
347.673 1.27518
347.773 1.27509
347.873 1.27499
347.973 1.2749
348.073 1.2748
348.173 1.27471
348.273 1.27461
348.373 1.27452
348.473 1.27442
348.573 1.27433
348.673 1.27423
348.773 1.27414
348.873 1.27404
348.973 1.27395
349.073 1.27385
349.173 1.27376
349.273 1.27367
349.373 1.27357
349.473 1.27348
349.573 1.27338
349.673 1.27329
349.773 1.27319
349.873 1.2731
349.973 1.273
350.073 1.27291
350.173 1.27282
350.273 1.27273
350.373 1.27264
350.473 1.27255
350.573 1.27247
350.673 1.27238
350.773 1.27229
350.873 1.27221
350.973 1.27212
351.073 1.27204
351.173 1.27195
351.274 1.27187
351.374 1.27178
351.474 1.2717
351.574 1.27161
351.674 1.27153
351.774 1.27145
351.874 1.27137
351.974 1.27129
352.074 1.27121
352.174 1.27113
352.274 1.27104
352.374 1.27096
352.474 1.27088
352.574 1.2708
352.674 1.27071
352.774 1.27063
352.874 1.27055
352.974 1.27047
353.074 1.27039
353.174 1.27031
353.274 1.27023
353.374 1.27015
353.474 1.27008
353.574 1.27
353.674 1.26992
353.774 1.26984
353.874 1.26977
353.974 1.26969
354.074 1.26961
354.174 1.26953
354.274 1.26945
354.374 1.26938
354.474 1.2693
354.574 1.26922
354.674 1.26914
354.774 1.26906
354.874 1.26898
354.974 1.26891
355.074 1.26883
355.174 1.26875
355.274 1.26867
355.374 1.26859
355.474 1.26851
355.574 1.26843
355.674 1.26836
355.774 1.26828
355.874 1.2682
355.974 1.26812
356.074 1.26805
356.174 1.26797
356.274 1.26789
356.374 1.26781
356.474 1.26773
356.575 1.26765
356.675 1.26757
356.775 1.26749
356.875 1.26741
356.975 1.26733
357.075 1.26725
357.175 1.26717
357.275 1.26709
357.375 1.26701
357.475 1.26692
357.575 1.26684
357.675 1.26676
357.775 1.26668
357.875 1.2666
357.975 1.26652
358.075 1.26644
358.175 1.26636
358.275 1.26628
358.375 1.2662
358.475 1.26612
358.575 1.26604
358.675 1.26596
358.775 1.26588
358.875 1.26579
358.975 1.26571
359.075 1.26563
359.175 1.26555
359.275 1.26547
359.375 1.26539
359.475 1.26531
359.575 1.26522
359.675 1.26514
359.775 1.26505
359.875 1.26497
359.975 1.26489
360.075 1.2648
360.175 1.26472
360.275 1.26463
360.375 1.26455
360.475 1.26447
360.575 1.26438
360.675 1.2643
360.775 1.26421
360.875 1.26413
360.975 1.26404
361.075 1.26395
361.175 1.26387
361.275 1.26378
361.375 1.2637
361.475 1.26361
361.575 1.26352
361.675 1.26344
361.775 1.26335
361.876 1.26326
361.976 1.26317
362.076 1.26308
362.176 1.26299
362.276 1.2629
362.376 1.26282
362.476 1.26273
362.576 1.26264
362.676 1.26255
362.776 1.26246
362.876 1.26237
362.976 1.26228
363.076 1.2622
363.176 1.26211
363.276 1.26202
363.376 1.26193
363.476 1.26184
363.576 1.26175
363.676 1.26166
363.776 1.26157
363.876 1.26148
363.976 1.26139
364.076 1.2613
364.176 1.26121
364.276 1.26112
364.376 1.26103
364.476 1.26094
364.576 1.26085
364.676 1.26076
364.776 1.26067
364.876 1.26058
364.976 1.26049
365.076 1.26039
365.176 1.2603
365.276 1.26021
365.376 1.26012
365.476 1.26002
365.576 1.25993
365.676 1.25984
365.776 1.25975
365.876 1.25965
365.976 1.25956
366.076 1.25947
366.176 1.25938
366.276 1.25928
366.376 1.25919
366.476 1.2591
366.576 1.25901
366.676 1.25891
366.776 1.25882
366.876 1.25873
366.976 1.25863
367.077 1.25854
367.177 1.25845
367.277 1.25835
367.377 1.25825
367.477 1.25816
367.577 1.25806
367.677 1.25796
367.777 1.25786
367.877 1.25776
367.977 1.25767
368.077 1.25757
368.177 1.25747
368.277 1.25737
368.377 1.25727
368.477 1.25717
368.577 1.25707
368.677 1.25697
368.777 1.25687
368.877 1.25676
368.977 1.25666
369.077 1.25656
369.177 1.25646
369.277 1.25636
369.377 1.25626
369.477 1.25616
369.577 1.25606
369.677 1.25596
369.777 1.25586
369.877 1.25576
369.977 1.25566
370.077 1.25556
370.177 1.25546
370.277 1.25537
370.377 1.25527
370.477 1.25517
370.577 1.25507
370.677 1.25497
370.777 1.25488
370.877 1.25478
370.977 1.25468
371.077 1.25459
371.177 1.25449
371.277 1.2544
371.377 1.2543
371.477 1.25421
371.577 1.25412
371.677 1.25402
371.777 1.25393
371.877 1.25383
371.977 1.25374
372.077 1.25364
372.177 1.25355
372.277 1.25345
372.378 1.25336
372.478 1.25327
372.578 1.25317
372.678 1.25308
372.778 1.25299
372.878 1.2529
372.978 1.2528
373.078 1.25271
373.178 1.25262
373.278 1.25252
373.378 1.25242
373.478 1.25232
373.578 1.25223
373.678 1.25213
373.778 1.25203
373.878 1.25193
373.978 1.25183
374.078 1.25174
374.178 1.25164
374.278 1.25154
374.378 1.25144
374.478 1.25133
374.578 1.25123
374.678 1.25113
374.778 1.25103
374.878 1.25093
374.978 1.25083
375.078 1.25073
375.178 1.25062
375.278 1.25052
375.378 1.25042
375.478 1.25032
375.578 1.25023
375.678 1.25013
375.778 1.25003
375.878 1.24993
375.978 1.24983
376.078 1.24974
376.178 1.24964
376.278 1.24954
376.378 1.24944
376.478 1.24934
376.578 1.24925
376.678 1.24915
376.778 1.24905
376.878 1.24896
376.978 1.24886
377.078 1.24877
377.178 1.24867
377.278 1.24858
377.378 1.24848
377.478 1.24839
377.579 1.24829
377.679 1.24819
377.779 1.2481
377.879 1.248
377.979 1.2479
378.079 1.24781
378.179 1.24771
378.279 1.24761
378.379 1.24752
378.479 1.24742
378.579 1.24732
378.679 1.24722
378.779 1.24713
378.879 1.24703
378.979 1.24694
379.079 1.24684
379.179 1.24675
379.279 1.24665
379.379 1.24655
379.479 1.24646
379.579 1.24636
379.679 1.24627
379.779 1.24617
379.879 1.24608
379.979 1.24599
380.079 1.2459
380.179 1.24581
380.279 1.24571
380.379 1.24562
380.479 1.24553
380.579 1.24544
380.679 1.24535
380.779 1.24526
380.879 1.24517
380.979 1.24508
381.079 1.24499
381.179 1.2449
381.279 1.24481
381.379 1.24472
381.479 1.24463
381.579 1.24454
381.679 1.24446
381.779 1.24437
381.879 1.24428
381.979 1.24419
382.079 1.2441
382.179 1.24401
382.279 1.24392
382.379 1.24383
382.479 1.24374
382.579 1.24366
382.679 1.24357
382.779 1.24348
382.88 1.24339
382.98 1.2433
383.08 1.24322
383.18 1.24313
383.28 1.24305
383.38 1.24296
383.48 1.24287
383.58 1.24279
383.68 1.24271
383.78 1.24263
383.88 1.24254
383.98 1.24246
384.08 1.24238
384.18 1.2423
384.28 1.24222
384.38 1.24214
384.48 1.24206
384.58 1.24198
384.68 1.2419
384.78 1.24182
384.88 1.24174
384.98 1.24166
385.08 1.24158
385.18 1.2415
385.28 1.24142
385.38 1.24134
385.48 1.24125
385.58 1.24117
385.68 1.24109
385.78 1.24101
385.88 1.24093
385.98 1.24085
386.08 1.24077
386.18 1.24069
386.28 1.2406
386.38 1.24052
386.48 1.24044
386.58 1.24036
386.68 1.24027
386.78 1.24019
386.88 1.24011
386.98 1.24003
387.08 1.23994
387.18 1.23986
387.28 1.23977
387.38 1.23969
387.48 1.2396
387.58 1.23952
387.68 1.23944
387.78 1.23935
387.88 1.23927
387.98 1.23918
388.081 1.23909
388.181 1.239
388.281 1.23891
388.381 1.23881
388.481 1.23872
388.581 1.23863
388.681 1.23854
388.781 1.23845
388.881 1.23835
388.981 1.23826
389.081 1.23817
389.181 1.23808
389.281 1.23798
389.381 1.23789
389.481 1.2378
389.581 1.23771
389.681 1.23761
389.781 1.23752
389.881 1.23743
389.981 1.23733
390.081 1.23724
390.181 1.23714
390.281 1.23705
390.381 1.23695
390.481 1.23686
390.581 1.23676
390.681 1.23667
390.781 1.23657
390.881 1.23648
390.981 1.23638
391.081 1.23629
391.181 1.23619
391.281 1.2361
391.381 1.236
391.481 1.23591
391.581 1.23582
391.681 1.23572
391.781 1.23563
391.881 1.23553
391.981 1.23544
392.081 1.23535
392.181 1.23526
392.281 1.23517
392.381 1.23508
392.481 1.23499
392.581 1.2349
392.681 1.23481
392.781 1.23472
392.881 1.23463
392.981 1.23455
393.081 1.23446
393.181 1.23438
393.281 1.2343
393.382 1.23421
393.482 1.23413
393.582 1.23405
393.682 1.23397
393.782 1.23389
393.882 1.23381
393.982 1.23373
394.082 1.23365
394.182 1.23357
394.282 1.23349
394.382 1.23341
394.482 1.23333
394.582 1.23325
394.682 1.23317
394.782 1.2331
394.882 1.23302
394.982 1.23294
395.082 1.23287
395.182 1.23279
395.282 1.23272
395.382 1.23264
395.482 1.23257
395.582 1.23249
395.682 1.23242
395.782 1.23234
395.882 1.23227
395.982 1.23219
396.082 1.23212
396.182 1.23205
396.282 1.23197
396.382 1.2319
396.482 1.23183
396.582 1.23176
396.682 1.23168
396.782 1.23161
396.882 1.23154
396.982 1.23147
397.082 1.23139
397.182 1.23132
397.282 1.23125
397.382 1.23117
397.482 1.2311
397.582 1.23103
397.682 1.23096
397.782 1.23088
397.882 1.23081
397.982 1.23074
398.082 1.23067
398.182 1.23059
398.282 1.23052
398.382 1.23045
398.482 1.23038
398.583 1.2303
398.683 1.23023
398.783 1.23016
398.883 1.23008
398.983 1.23001
399.083 1.22994
399.183 1.22986
399.283 1.22979
399.383 1.22971
399.483 1.22964
399.583 1.22957
399.683 1.22949
399.783 1.22942
399.883 1.22935
399.983 1.22928
400.083 1.2292
400.183 1.22913
400.283 1.22905
400.383 1.22897
400.483 1.22889
400.583 1.22881
400.683 1.22874
400.783 1.22866
400.883 1.22858
400.983 1.2285
401.083 1.22842
401.183 1.22835
401.283 1.22826
401.383 1.22818
401.483 1.2281
401.583 1.22802
401.683 1.22794
401.783 1.22786
401.883 1.22778
401.983 1.2277
402.083 1.22762
402.183 1.22754
402.283 1.22746
402.383 1.22738
402.483 1.2273
402.583 1.22722
402.683 1.22714
402.783 1.22706
402.883 1.22699
402.983 1.22691
403.083 1.22683
403.183 1.22675
403.283 1.22667
403.383 1.22659
403.483 1.22652
403.583 1.22644
403.683 1.22636
403.783 1.22628
403.884 1.2262
403.984 1.22612
404.084 1.22604
404.184 1.22596
404.284 1.22588
404.384 1.2258
404.484 1.22571
404.584 1.22563
404.684 1.22555
404.784 1.22547
404.884 1.22539
404.984 1.22531
405.084 1.22523
405.184 1.22515
405.284 1.22507
405.384 1.22499
405.484 1.22491
405.584 1.22483
405.684 1.22475
405.784 1.22466
405.884 1.22458
405.984 1.2245
406.084 1.22442
406.184 1.22434
406.284 1.22427
406.384 1.22419
406.484 1.22411
406.584 1.22403
406.684 1.22395
406.784 1.22387
406.884 1.22379
406.984 1.22371
407.084 1.22363
407.184 1.22354
407.284 1.22346
407.384 1.22338
407.484 1.22329
407.584 1.22321
407.684 1.22313
407.784 1.22304
407.884 1.22296
407.984 1.22288
408.084 1.22279
408.184 1.22271
408.284 1.22262
408.384 1.22254
408.484 1.22246
408.584 1.22237
408.684 1.22229
408.784 1.2222
408.884 1.22212
408.984 1.22203
409.084 1.22195
409.185 1.22187
409.285 1.22178
409.385 1.2217
409.485 1.22162
409.585 1.22153
409.685 1.22145
409.785 1.22137
409.885 1.22129
409.985 1.22121
410.085 1.22112
410.185 1.22104
410.285 1.22096
410.385 1.22088
410.485 1.2208
410.585 1.22071
410.685 1.22063
410.785 1.22055
410.885 1.22047
410.985 1.22038
411.085 1.2203
411.185 1.22022
411.285 1.22014
411.385 1.22006
411.485 1.21998
411.585 1.2199
411.685 1.21982
411.785 1.21974
411.885 1.21967
411.985 1.21959
412.085 1.21951
412.185 1.21944
412.285 1.21936
412.385 1.21928
412.485 1.21921
412.585 1.21913
412.685 1.21905
412.785 1.21897
412.885 1.21889
412.985 1.21881
413.085 1.21873
413.185 1.21865
413.285 1.21857
413.385 1.21849
413.485 1.21842
413.585 1.21834
413.685 1.21826
413.785 1.21818
413.885 1.2181
413.985 1.21802
414.085 1.21794
414.185 1.21785
414.285 1.21777
414.386 1.21769
414.486 1.21761
414.586 1.21753
414.686 1.21745
414.786 1.21737
414.886 1.21728
414.986 1.2172
415.086 1.21712
415.186 1.21704
415.286 1.21696
415.386 1.21688
415.486 1.2168
415.586 1.21671
415.686 1.21663
415.786 1.21655
415.886 1.21647
415.986 1.21639
416.086 1.21631
416.186 1.21623
416.286 1.21614
416.386 1.21606
416.486 1.21598
416.586 1.21589
416.686 1.21581
416.786 1.21573
416.886 1.21564
416.986 1.21556
417.086 1.21547
417.186 1.21539
417.286 1.2153
417.386 1.21522
417.486 1.21514
417.586 1.21505
417.686 1.21497
417.786 1.21488
417.886 1.2148
417.986 1.21472
418.086 1.21464
418.186 1.21456
418.286 1.21448
418.386 1.2144
418.486 1.21432
418.586 1.21424
418.686 1.21416
418.786 1.21408
418.886 1.214
418.986 1.21393
419.086 1.21385
419.186 1.21378
419.286 1.2137
419.386 1.21363
419.486 1.21355
419.586 1.21347
419.687 1.2134
419.787 1.21332
419.887 1.21325
419.987 1.21317
420.087 1.21309
420.187 1.21302
420.287 1.21294
420.387 1.21286
420.487 1.21279
420.587 1.21271
420.687 1.21264
420.787 1.21256
420.887 1.21248
420.987 1.21241
421.087 1.21233
421.187 1.21225
421.287 1.21217
421.387 1.21209
421.487 1.21201
421.587 1.21193
421.687 1.21186
421.787 1.21178
421.887 1.2117
421.987 1.21162
422.087 1.21154
422.187 1.21146
422.287 1.21138
422.387 1.2113
422.487 1.21122
422.587 1.21114
422.687 1.21106
422.787 1.21098
422.887 1.21091
422.987 1.21083
423.087 1.21075
423.187 1.21068
423.287 1.2106
423.387 1.21052
423.487 1.21044
423.587 1.21036
423.687 1.21028
423.787 1.2102
423.887 1.21013
423.987 1.21005
424.087 1.20997
424.187 1.20989
424.287 1.20981
424.387 1.20973
424.487 1.20965
424.587 1.20957
424.687 1.20949
424.787 1.20941
424.888 1.20933
424.988 1.20925
425.088 1.20917
425.188 1.2091
425.288 1.20902
425.388 1.20894
425.488 1.20886
425.588 1.20878
425.688 1.2087
425.788 1.20862
425.888 1.20854
425.988 1.20847
426.088 1.20839
426.188 1.20831
426.288 1.20824
426.388 1.20816
426.488 1.20808
426.588 1.208
426.688 1.20792
426.788 1.20784
426.888 1.20776
426.988 1.20768
427.088 1.2076
427.188 1.20752
427.288 1.20744
427.388 1.20736
427.488 1.20728
427.588 1.2072
427.688 1.20712
427.788 1.20704
427.888 1.20696
427.988 1.20688
428.088 1.2068
428.188 1.20672
428.288 1.20664
428.388 1.20656
428.488 1.20648
428.588 1.20639
428.688 1.20631
428.788 1.20623
428.888 1.20615
428.988 1.20607
429.088 1.20599
429.188 1.20592
429.288 1.20584
429.388 1.20576
429.488 1.20568
429.588 1.2056
429.688 1.20552
429.788 1.20544
429.888 1.20536
429.988 1.20528
430.088 1.2052
430.189 1.20513
430.289 1.20505
430.389 1.20497
430.489 1.20489
430.589 1.20481
430.689 1.20474
430.789 1.20466
430.889 1.20458
430.989 1.2045
431.089 1.20442
431.189 1.20435
431.289 1.20427
431.389 1.20419
431.489 1.20411
431.589 1.20404
431.689 1.20396
431.789 1.20388
431.889 1.20381
431.989 1.20373
432.089 1.20365
432.189 1.20357
432.289 1.2035
432.389 1.20342
432.489 1.20334
432.589 1.20327
432.689 1.20319
432.789 1.20311
432.889 1.20304
432.989 1.20296
433.089 1.20288
433.189 1.20281
433.289 1.20273
433.389 1.20265
433.489 1.20258
433.589 1.2025
433.689 1.20243
433.789 1.20235
433.889 1.20227
433.989 1.2022
434.089 1.20212
434.189 1.20205
434.289 1.20197
434.389 1.2019
434.489 1.20182
434.589 1.20175
434.689 1.20167
434.789 1.2016
434.889 1.20152
434.989 1.20145
435.089 1.20137
435.189 1.2013
435.289 1.20122
435.39 1.20115
435.49 1.20107
435.59 1.201
435.69 1.20092
435.79 1.20085
435.89 1.20078
435.99 1.2007
436.09 1.20063
436.19 1.20055
436.29 1.20048
436.39 1.2004
436.49 1.20033
436.59 1.20026
436.69 1.20018
436.79 1.20011
436.89 1.20004
436.99 1.19997
437.09 1.19989
437.19 1.19982
437.29 1.19975
437.39 1.19968
437.49 1.1996
437.59 1.19953
437.69 1.19946
437.79 1.19938
437.89 1.19931
437.99 1.19924
438.09 1.19916
438.19 1.19909
438.29 1.19902
438.39 1.19895
438.49 1.19887
438.59 1.1988
438.69 1.19873
438.79 1.19866
438.89 1.19858
438.99 1.19851
