#########################################################################
:FileType xy  ASCII  EnSim 1.0
# Canadian Hydraulics Centre/National Research Council (c) 1998-2012
# DataType                 XY DataObject
#
:Application              BlueKenue
:Version                  3.3.4
:WrittenBy                sebastian
:CreationDate             Wed, Aug 02, 2023 02:33 PM
#
#------------------------------------------------------------------------
#
:AttributeName  1 
:AttributeUnits 1 m
:AttributeName  2 
:AttributeUnits 2 M
:EndHeader
0 1.94679
0.0999994 1.94673
0.199999 1.94666
0.299998 1.9466
0.399998 1.94653
0.499997 1.94644
0.599997 1.94633
0.699996 1.94621
0.799996 1.9461
0.899995 1.94599
0.999994 1.94588
1.09999 1.94574
1.19999 1.94557
1.29999 1.9454
1.39999 1.94523
1.49999 1.94506
1.59999 1.94489
1.69999 1.94471
1.79999 1.94452
1.89999 1.94433
1.99999 1.94413
2.09999 1.94394
2.19999 1.94375
2.29999 1.94355
2.39999 1.94336
2.49999 1.94316
2.59999 1.94297
2.69998 1.94277
2.79998 1.94258
2.89998 1.94238
2.99998 1.94219
3.09998 1.942
3.19998 1.94181
3.29998 1.94162
3.39998 1.94142
3.49998 1.94123
3.59998 1.94104
3.69998 1.94086
3.79998 1.94067
3.89998 1.94049
3.99998 1.9403
4.09998 1.94012
4.19998 1.93993
4.29998 1.93975
4.39998 1.93957
4.49997 1.93939
4.59997 1.9392
4.69997 1.93902
4.79997 1.93884
4.89997 1.93866
4.99997 1.93848
5.09997 1.9383
5.19997 1.93812
5.29997 1.93794
5.39997 1.93776
5.49997 1.93758
5.59997 1.9374
5.69997 1.93722
5.79997 1.93704
5.89997 1.93687
5.99997 1.93669
6.09997 1.93651
6.19997 1.93633
6.29996 1.93615
6.39996 1.93597
6.49996 1.93579
6.59996 1.93561
6.69996 1.93543
6.79996 1.93525
6.89996 1.93507
6.99996 1.93489
7.09996 1.93471
7.19996 1.93453
7.29996 1.93436
7.39996 1.93418
7.49996 1.934
7.59996 1.93382
7.69996 1.93364
7.79996 1.93346
7.89996 1.93328
7.99996 1.9331
8.09995 1.93292
8.19995 1.93274
8.29995 1.93256
8.39995 1.93238
8.49995 1.9322
8.59995 1.93202
8.69995 1.93185
8.79995 1.93167
8.89995 1.93149
8.99995 1.93131
9.09995 1.93113
9.19995 1.93095
9.29995 1.93077
9.39995 1.93059
9.49995 1.93041
9.59995 1.93023
9.69995 1.93005
9.79995 1.92987
9.89994 1.92969
9.99994 1.92951
10.0999 1.92933
10.1999 1.92916
10.2999 1.92898
10.3999 1.9288
10.4999 1.92862
10.5999 1.92844
10.6999 1.92826
10.7999 1.92808
10.8999 1.9279
10.9999 1.92772
11.0999 1.92754
11.1999 1.92736
11.2999 1.92718
11.3999 1.92701
11.4999 1.92683
11.5999 1.92665
11.6999 1.92647
11.7999 1.92629
11.8999 1.92611
11.9999 1.92593
12.0999 1.92575
12.1999 1.92557
12.2999 1.9254
12.3999 1.92522
12.4999 1.92504
12.5999 1.92486
12.6999 1.92468
12.7999 1.9245
12.8999 1.92432
12.9999 1.92414
13.0999 1.92396
13.1999 1.92379
13.2999 1.92361
13.3999 1.92343
13.4999 1.92325
13.5999 1.92307
13.6999 1.92289
13.7999 1.92271
13.8999 1.92254
13.9999 1.92236
14.0999 1.92218
14.1999 1.922
14.2999 1.92182
14.3999 1.92164
14.4999 1.92146
14.5999 1.92129
14.6999 1.92111
14.7999 1.92093
14.8999 1.92075
14.9999 1.92057
15.0999 1.92039
15.1999 1.92022
15.2999 1.92004
15.3999 1.91986
15.4999 1.91968
15.5999 1.9195
15.6999 1.91932
15.7999 1.91915
15.8999 1.91897
15.9999 1.91879
16.0999 1.91861
16.1999 1.91843
16.2999 1.91825
16.3999 1.91808
16.4999 1.9179
16.5999 1.91772
16.6999 1.91754
16.7999 1.91736
16.8999 1.91719
16.9999 1.91701
17.0999 1.91683
17.1999 1.91665
17.2999 1.91647
17.3999 1.9163
17.4999 1.91612
17.5999 1.91594
17.6999 1.91576
17.7999 1.91558
17.8999 1.91541
17.9999 1.91523
18.0999 1.91505
18.1999 1.91487
18.2999 1.9147
18.3999 1.91452
18.4999 1.91434
18.5999 1.91416
18.6999 1.91398
18.7999 1.91381
18.8999 1.91363
18.9999 1.91345
19.0999 1.91327
19.1999 1.9131
19.2999 1.91292
19.3999 1.91274
19.4999 1.91256
19.5999 1.91238
19.6999 1.91221
19.7999 1.91203
19.8999 1.91185
19.9999 1.91167
20.0999 1.9115
20.1999 1.91132
20.2999 1.91114
20.3999 1.91096
20.4999 1.91079
20.5999 1.91061
20.6999 1.91043
20.7999 1.91026
20.8999 1.91008
20.9999 1.9099
21.0999 1.90972
21.1999 1.90955
21.2999 1.90937
21.3999 1.90919
21.4999 1.90901
21.5999 1.90884
21.6999 1.90866
21.7999 1.90848
21.8999 1.90831
21.9999 1.90813
22.0999 1.90795
22.1999 1.90777
22.2999 1.9076
22.3999 1.90742
22.4999 1.90724
22.5999 1.90707
22.6999 1.90689
22.7999 1.90671
22.8999 1.90653
22.9999 1.90636
23.0999 1.90618
23.1999 1.906
23.2999 1.90583
23.3999 1.90565
23.4999 1.90547
23.5999 1.9053
23.6999 1.90512
23.7999 1.90494
23.8999 1.90477
23.9999 1.90459
24.0999 1.90441
24.1999 1.90423
24.2999 1.90406
24.3999 1.90388
24.4999 1.9037
24.5999 1.90353
24.6999 1.90335
24.7999 1.90317
24.8999 1.903
24.9999 1.90282
25.0999 1.90264
25.1999 1.90247
25.2999 1.90229
25.3999 1.90211
25.4999 1.90194
25.5999 1.90176
25.6999 1.90159
25.7999 1.90141
25.8999 1.90123
25.9999 1.90106
26.0999 1.90088
26.1999 1.9007
26.2999 1.90053
26.3999 1.90035
26.4999 1.90017
26.5999 1.9
26.6999 1.89982
26.7999 1.89964
26.8999 1.89947
26.9998 1.89929
27.0998 1.89912
27.1998 1.89894
27.2998 1.89876
27.3998 1.89859
27.4998 1.89841
27.5998 1.89824
27.6998 1.89806
27.7998 1.89788
27.8998 1.89771
27.9998 1.89753
28.0998 1.89735
28.1998 1.89718
28.2998 1.897
28.3998 1.89683
28.4998 1.89665
28.5998 1.89647
28.6998 1.8963
28.7998 1.89612
28.8998 1.89595
28.9998 1.89577
29.0998 1.89559
29.1998 1.89542
29.2998 1.89524
29.3998 1.89507
29.4998 1.89489
29.5998 1.89472
29.6998 1.89454
29.7998 1.89436
29.8998 1.89419
29.9998 1.89401
30.0998 1.89384
30.1998 1.89366
30.2998 1.89349
30.3998 1.89331
30.4998 1.89313
30.5998 1.89296
30.6998 1.89278
30.7998 1.89261
30.8998 1.89243
30.9998 1.89226
31.0998 1.89208
31.1998 1.89191
31.2998 1.89173
31.3998 1.89155
31.4998 1.89138
31.5998 1.8912
31.6998 1.89103
31.7998 1.89085
31.8998 1.89068
31.9998 1.8905
32.0998 1.89033
32.1998 1.89015
32.2998 1.88998
32.3998 1.8898
32.4998 1.88963
32.5998 1.88945
32.6998 1.88928
32.7998 1.8891
32.8998 1.88893
32.9998 1.88875
33.0998 1.88857
33.1998 1.8884
33.2998 1.88822
33.3998 1.88805
33.4998 1.88787
33.5998 1.8877
33.6998 1.88752
33.7998 1.88735
33.8998 1.88717
33.9998 1.887
34.0998 1.88682
34.1998 1.88665
34.2998 1.88647
34.3998 1.8863
34.4998 1.88613
34.5998 1.88595
34.6998 1.88578
34.7998 1.8856
34.8998 1.88543
34.9998 1.88525
35.0998 1.88508
35.1998 1.8849
35.2998 1.88473
35.3998 1.88455
35.4998 1.88438
35.5998 1.8842
35.6998 1.88403
35.7998 1.88385
35.8998 1.88368
35.9998 1.8835
36.0998 1.88333
36.1998 1.88316
36.2998 1.88298
36.3998 1.88281
36.4998 1.88263
36.5998 1.88246
36.6998 1.88228
36.7998 1.88211
36.8998 1.88193
36.9998 1.88176
37.0998 1.88159
37.1998 1.88141
37.2998 1.88124
37.3998 1.88106
37.4998 1.88089
37.5998 1.88071
37.6998 1.88054
37.7998 1.88037
37.8998 1.88019
37.9998 1.88002
38.0998 1.87984
38.1998 1.87967
38.2998 1.87949
38.3998 1.87932
38.4998 1.87915
38.5998 1.87897
38.6998 1.8788
38.7998 1.87862
38.8998 1.87845
38.9998 1.87828
39.0998 1.8781
39.1998 1.87793
39.2998 1.87775
39.3998 1.87758
39.4998 1.87741
39.5998 1.87723
39.6998 1.87706
39.7998 1.87688
39.8998 1.87671
39.9998 1.87654
40.0998 1.87636
40.1998 1.87619
40.2998 1.87602
40.3998 1.87584
40.4998 1.87567
40.5998 1.87549
40.6998 1.87532
40.7998 1.87515
40.8998 1.87497
40.9998 1.8748
41.0998 1.87463
41.1998 1.87445
41.2998 1.87428
41.3998 1.87411
41.4998 1.87393
41.5998 1.87376
41.6998 1.87359
41.7998 1.87341
41.8998 1.87324
41.9998 1.87306
42.0998 1.87289
42.1998 1.87272
42.2998 1.87254
42.3998 1.87237
42.4998 1.8722
42.5998 1.87203
42.6998 1.87185
42.7998 1.87168
42.8998 1.87151
42.9998 1.87133
43.0998 1.87116
43.1998 1.87099
43.2998 1.87081
43.3998 1.87064
43.4998 1.87047
43.5998 1.87029
43.6998 1.87012
43.7998 1.86995
43.8998 1.86977
43.9998 1.8696
44.0998 1.86943
44.1998 1.86926
44.2998 1.86908
44.3998 1.86891
44.4998 1.86874
44.5998 1.86856
44.6998 1.86839
44.7998 1.86822
44.8998 1.86804
44.9998 1.86787
45.0997 1.8677
45.1997 1.86753
45.2997 1.86735
45.3997 1.86718
45.4997 1.86701
45.5997 1.86684
45.6997 1.86666
45.7997 1.86649
45.8997 1.86632
45.9997 1.86614
46.0997 1.86597
46.1997 1.8658
46.2997 1.86563
46.3997 1.86545
46.4997 1.86528
46.5997 1.86511
46.6997 1.86494
46.7997 1.86476
46.8997 1.86459
46.9997 1.86442
47.0997 1.86425
47.1997 1.86407
47.2997 1.8639
47.3997 1.86373
47.4997 1.86356
47.5997 1.86339
47.6997 1.86321
47.7997 1.86304
47.8997 1.86287
47.9997 1.8627
48.0997 1.86252
48.1997 1.86235
48.2997 1.86218
48.3997 1.86201
48.4997 1.86184
48.5997 1.86166
48.6997 1.86149
48.7997 1.86132
48.8997 1.86115
48.9997 1.86098
49.0997 1.8608
49.1997 1.86063
49.2997 1.86046
49.3997 1.86029
49.4997 1.86012
49.5997 1.85994
49.6997 1.85977
49.7997 1.8596
49.8997 1.85943
49.9997 1.85926
50.0997 1.85908
50.1997 1.85891
50.2997 1.85874
50.3997 1.85857
50.4997 1.8584
50.5997 1.85823
50.6997 1.85805
50.7997 1.85788
50.8997 1.85771
50.9997 1.85754
51.0997 1.85737
51.1997 1.8572
51.2997 1.85702
51.3997 1.85685
51.4997 1.85668
51.5997 1.85651
51.6997 1.85634
51.7997 1.85617
51.8997 1.856
51.9997 1.85582
52.0997 1.85565
52.1997 1.85548
52.2997 1.85531
52.3997 1.85514
52.4997 1.85497
52.5997 1.8548
52.6997 1.85462
52.7997 1.85445
52.8997 1.85428
52.9997 1.85411
53.0997 1.85394
53.1997 1.85377
53.2997 1.8536
53.3997 1.85343
53.4997 1.85326
53.5997 1.85308
53.6997 1.85291
53.7997 1.85274
53.8997 1.85257
53.9997 1.8524
54.0997 1.85223
54.1997 1.85206
54.2997 1.85189
54.3997 1.85172
54.4997 1.85155
54.5997 1.85137
54.6997 1.8512
54.7997 1.85103
54.8997 1.85086
54.9997 1.85069
55.0997 1.85052
55.1997 1.85035
55.2997 1.85018
55.3997 1.85001
55.4997 1.84984
55.5997 1.84967
55.6997 1.8495
55.7997 1.84933
55.8997 1.84916
55.9997 1.84898
56.0997 1.84881
56.1997 1.84864
56.2997 1.84847
56.3997 1.8483
56.4997 1.84813
56.5997 1.84796
56.6997 1.84779
56.7997 1.84762
56.8997 1.84745
56.9997 1.84728
57.0997 1.84711
57.1997 1.84694
57.2997 1.84677
57.3997 1.8466
57.4997 1.84643
57.5997 1.84626
57.6997 1.84609
57.7997 1.84592
57.8997 1.84575
57.9997 1.84558
58.0997 1.84541
58.1997 1.84524
58.2997 1.84507
58.3997 1.8449
58.4997 1.84473
58.5997 1.84456
58.6997 1.84439
58.7997 1.84422
58.8997 1.84405
58.9997 1.84388
59.0997 1.84371
59.1997 1.84354
59.2997 1.84337
59.3997 1.8432
59.4997 1.84303
59.5997 1.84286
59.6997 1.84269
59.7997 1.84252
59.8997 1.84235
59.9997 1.84218
60.0997 1.84201
60.1997 1.84184
60.2997 1.84167
60.3997 1.8415
60.4997 1.84133
60.5997 1.84116
60.6997 1.84099
60.7997 1.84082
60.8997 1.84065
60.9997 1.84048
61.0997 1.84031
61.1997 1.84014
61.2997 1.83997
61.3997 1.8398
61.4997 1.83963
61.5997 1.83946
61.6997 1.8393
61.7997 1.83913
61.8997 1.83896
61.9997 1.83879
62.0997 1.83862
62.1997 1.83845
62.2997 1.83828
62.3997 1.83811
62.4997 1.83794
62.5997 1.83777
62.6997 1.8376
62.7997 1.83743
62.8997 1.83726
62.9996 1.83709
63.0996 1.83693
63.1996 1.83676
63.2996 1.83659
63.3996 1.83642
63.4996 1.83625
63.5996 1.83608
63.6996 1.83591
63.7996 1.83574
63.8996 1.83557
63.9996 1.83541
64.0996 1.83524
64.1996 1.83507
64.2996 1.8349
64.3996 1.83473
64.4996 1.83456
64.5996 1.83439
64.6996 1.83422
64.7996 1.83405
64.8996 1.83389
64.9996 1.83372
65.0996 1.83355
65.1996 1.83338
65.2996 1.83321
65.3996 1.83304
65.4996 1.83287
65.5996 1.83271
65.6996 1.83254
65.7996 1.83237
65.8996 1.8322
65.9996 1.83203
66.0996 1.83186
66.1996 1.83169
66.2996 1.83153
66.3996 1.83136
66.4996 1.83119
66.5996 1.83102
66.6996 1.83085
66.7996 1.83068
66.8996 1.83052
66.9996 1.83035
67.0996 1.83018
67.1996 1.83001
67.2996 1.82984
67.3996 1.82968
67.4996 1.82951
67.5996 1.82934
67.6996 1.82917
67.7996 1.829
67.8996 1.82883
67.9996 1.82867
68.0996 1.8285
68.1996 1.82833
68.2996 1.82816
68.3996 1.828
68.4996 1.82783
68.5996 1.82766
68.6996 1.82749
68.7996 1.82732
68.8996 1.82716
68.9996 1.82699
69.0996 1.82682
69.1996 1.82665
69.2996 1.82648
69.3996 1.82632
69.4996 1.82615
69.5996 1.82598
69.6996 1.82581
69.7996 1.82565
69.8996 1.82548
69.9996 1.82531
70.0996 1.82514
70.1996 1.82498
70.2996 1.82481
70.3996 1.82464
70.4996 1.82447
70.5996 1.82431
70.6996 1.82414
70.7996 1.82397
70.8996 1.8238
70.9996 1.82364
71.0996 1.82347
71.1996 1.8233
71.2996 1.82313
71.3996 1.82297
71.4996 1.8228
71.5996 1.82263
71.6996 1.82247
71.7996 1.8223
71.8996 1.82213
71.9996 1.82196
72.0996 1.8218
72.1996 1.82163
72.2996 1.82146
72.3996 1.8213
72.4996 1.82113
72.5996 1.82096
72.6996 1.8208
72.7996 1.82063
72.8996 1.82046
72.9996 1.82029
73.0996 1.82013
73.1996 1.81996
73.2996 1.81979
73.3996 1.81963
73.4996 1.81946
73.5996 1.81929
73.6996 1.81913
73.7996 1.81896
73.8996 1.81879
73.9996 1.81863
74.0996 1.81846
74.1996 1.81829
74.2996 1.81813
74.3996 1.81796
74.4996 1.81779
74.5996 1.81763
74.6996 1.81746
74.7996 1.8173
74.8996 1.81713
74.9996 1.81696
75.0996 1.8168
75.1996 1.81663
75.2996 1.81646
75.3996 1.8163
75.4996 1.81613
75.5996 1.81596
75.6996 1.8158
75.7996 1.81563
75.8996 1.81547
75.9996 1.8153
76.0996 1.81513
76.1996 1.81497
76.2996 1.8148
76.3996 1.81464
76.4996 1.81447
76.5996 1.8143
76.6996 1.81414
76.7996 1.81397
76.8996 1.81381
76.9996 1.81364
77.0996 1.81347
77.1996 1.81331
77.2996 1.81314
77.3996 1.81298
77.4996 1.81281
77.5996 1.81264
77.6996 1.81248
77.7996 1.81231
77.8996 1.81215
77.9996 1.81198
78.0996 1.81182
78.1996 1.81165
78.2996 1.81148
78.3996 1.81132
78.4996 1.81115
78.5996 1.81099
78.6996 1.81082
78.7996 1.81066
78.8996 1.81049
78.9996 1.81033
79.0996 1.81016
79.1996 1.81
79.2996 1.80983
79.3996 1.80967
79.4996 1.8095
79.5996 1.80933
79.6996 1.80917
79.7996 1.809
79.8996 1.80884
79.9996 1.80867
80.0996 1.80851
80.1996 1.80834
80.2996 1.80818
80.3996 1.80802
80.4996 1.80785
80.5996 1.80769
80.6996 1.80752
80.7996 1.80736
80.8996 1.80719
80.9996 1.80703
81.0995 1.80686
81.1995 1.8067
81.2995 1.80653
81.3995 1.80637
81.4995 1.8062
81.5995 1.80604
81.6995 1.80587
81.7995 1.80571
81.8995 1.80554
81.9995 1.80538
82.0995 1.80522
82.1995 1.80505
82.2995 1.80489
82.3995 1.80472
82.4995 1.80456
82.5995 1.80439
82.6995 1.80423
82.7995 1.80407
82.8995 1.8039
82.9995 1.80374
83.0995 1.80357
83.1995 1.80341
83.2995 1.80325
83.3995 1.80308
83.4995 1.80292
83.5995 1.80275
83.6995 1.80259
83.7995 1.80243
83.8995 1.80226
83.9995 1.8021
84.0995 1.80194
84.1995 1.80177
84.2995 1.80161
84.3995 1.80145
84.4995 1.80128
84.5995 1.80112
84.6995 1.80096
84.7995 1.80079
84.8995 1.80063
84.9995 1.80047
85.0995 1.8003
85.1995 1.80014
85.2995 1.79998
85.3995 1.79981
85.4995 1.79965
85.5995 1.79949
85.6995 1.79933
85.7995 1.79916
85.8995 1.799
85.9995 1.79884
86.0995 1.79868
86.1995 1.79851
86.2995 1.79835
86.3995 1.79819
86.4995 1.79802
86.5995 1.79786
86.6995 1.7977
86.7995 1.79754
86.8995 1.79738
86.9995 1.79722
87.0995 1.79705
87.1995 1.79689
87.2995 1.79673
87.3995 1.79657
87.4995 1.79641
87.5995 1.79625
87.6995 1.79609
87.7995 1.79592
87.8995 1.79576
87.9995 1.7956
88.0995 1.79544
88.1995 1.79528
88.2995 1.79512
88.3995 1.79496
88.4995 1.7948
88.5995 1.79464
88.6995 1.79448
88.7995 1.79432
88.8995 1.79416
88.9995 1.794
89.0995 1.79384
89.1995 1.79368
89.2995 1.79353
89.3995 1.79337
89.4995 1.79321
89.5995 1.79305
89.6995 1.79289
89.7995 1.79273
89.8995 1.79257
89.9995 1.79241
90.0995 1.79225
90.1995 1.79209
90.2995 1.79194
90.3995 1.79178
90.4995 1.79163
90.5995 1.79147
90.6995 1.79132
90.7995 1.79116
90.8995 1.79101
90.9995 1.79085
91.0995 1.79069
91.1995 1.79054
91.2995 1.79038
91.3995 1.79022
91.4995 1.79007
91.5995 1.78991
91.6995 1.78975
91.7995 1.7896
91.8995 1.78944
91.9995 1.78929
92.0995 1.78913
92.1995 1.78898
92.2995 1.78883
92.3995 1.78868
92.4995 1.78853
92.5995 1.78838
92.6995 1.78822
92.7995 1.78807
92.8995 1.78792
92.9995 1.78776
93.0995 1.78761
93.1995 1.78745
93.2995 1.7873
93.3995 1.78714
93.4995 1.787
93.5995 1.78685
93.6995 1.7867
93.7995 1.78656
93.8995 1.78641
93.9995 1.78626
94.0995 1.78611
94.1995 1.78596
94.2995 1.7858
94.3995 1.78565
94.4995 1.78549
94.5995 1.78534
94.6995 1.78519
94.7995 1.78503
94.8995 1.78487
94.9995 1.78471
95.0995 1.78455
95.1995 1.7844
95.2995 1.78424
95.3995 1.78408
95.4995 1.78392
95.5995 1.78376
95.6995 1.7836
95.7995 1.78344
95.8995 1.78326
95.9995 1.78309
96.0995 1.78292
96.1995 1.78274
96.2995 1.78257
96.3995 1.7824
96.4995 1.78222
96.5995 1.78205
96.6995 1.78183
96.7995 1.78143
96.8995 1.78102
96.9995 1.78061
97.0995 1.78021
97.1995 1.7798
97.2995 1.77939
97.3995 1.77898
97.4995 1.77858
97.5995 1.77817
97.6995 1.77776
97.7995 1.77758
97.8995 1.77739
97.9995 1.77707
98.0995 1.77616
98.1995 1.77525
98.2995 1.77434
98.3995 1.77373
98.4995 1.77333
98.5995 1.77293
98.6995 1.77253
98.7995 1.77214
98.8995 1.77174
98.9995 1.77134
99.0994 1.77094
99.1994 1.76908
99.2994 1.76546
99.3994 1.76183
99.4994 1.75821
99.5994 1.75458
99.6994 1.75095
99.7994 1.74733
99.8994 1.74349
99.9994 1.73966
100.099 1.73583
100.199 1.73201
100.299 1.72812
100.399 1.72352
100.499 1.71891
100.599 1.71431
100.699 1.7097
100.799 1.7051
100.899 1.70037
100.999 1.69551
101.099 1.69064
101.199 1.68578
101.299 1.68092
101.399 1.67605
101.499 1.67381
101.599 1.67245
101.699 1.67109
101.799 1.66973
101.899 1.66837
101.999 1.66714
102.099 1.66608
102.199 1.66501
102.299 1.66395
102.399 1.66289
102.499 1.66183
102.599 1.66132
102.699 1.66149
102.799 1.66165
102.899 1.66182
102.999 1.66199
103.099 1.66216
103.199 1.66234
103.299 1.66257
103.399 1.6628
103.499 1.66303
103.599 1.66327
103.699 1.6635
103.799 1.66371
103.899 1.66393
103.999 1.66415
104.099 1.66436
104.199 1.66458
104.299 1.66479
104.399 1.66499
104.499 1.6652
104.599 1.6654
104.699 1.66561
104.799 1.66582
104.899 1.666
104.999 1.66593
105.099 1.66586
105.199 1.66579
105.299 1.66572
105.399 1.66565
105.499 1.66558
105.599 1.66551
105.699 1.66544
105.799 1.66536
105.899 1.66529
105.999 1.66522
106.099 1.66515
106.199 1.66503
106.299 1.66481
106.399 1.66459
106.499 1.66436
106.599 1.66414
106.699 1.66392
106.799 1.6637
106.899 1.66348
106.999 1.66326
107.099 1.66304
107.199 1.66281
107.299 1.66259
107.399 1.66237
107.499 1.66215
107.599 1.66194
107.699 1.66172
107.799 1.6615
107.899 1.66128
107.999 1.66104
108.099 1.66081
108.199 1.66058
108.299 1.66035
108.399 1.66011
108.499 1.65988
108.599 1.65965
108.699 1.65942
108.799 1.65918
108.899 1.65895
108.999 1.65872
109.099 1.65848
109.199 1.65825
109.299 1.65802
109.399 1.65779
109.499 1.65757
109.599 1.65735
109.699 1.65713
109.799 1.65692
109.899 1.65671
109.999 1.6565
110.099 1.6563
110.199 1.65609
110.299 1.65588
110.399 1.65567
110.499 1.65547
110.599 1.65526
110.699 1.65505
110.799 1.65484
110.899 1.65464
110.999 1.65443
111.099 1.65422
111.199 1.65401
111.299 1.65381
111.399 1.6536
111.499 1.65338
111.599 1.65316
111.699 1.65294
111.799 1.65272
111.899 1.65249
111.999 1.65227
112.099 1.65204
112.199 1.65182
112.299 1.65159
112.399 1.65137
112.499 1.65115
112.599 1.65092
112.699 1.6507
112.799 1.65048
112.899 1.65025
112.999 1.65003
113.099 1.64981
113.199 1.64959
113.299 1.64938
113.399 1.64916
113.499 1.64895
113.599 1.64873
113.699 1.64851
113.799 1.6483
113.899 1.64808
113.999 1.64786
114.099 1.64764
114.199 1.64742
114.299 1.6472
114.399 1.64698
114.499 1.64676
114.599 1.64654
114.699 1.64632
114.799 1.6461
114.899 1.64588
114.999 1.64565
115.099 1.64543
115.199 1.64521
115.299 1.64499
115.399 1.64476
115.499 1.64454
115.599 1.64431
115.699 1.64409
115.799 1.64386
115.899 1.64363
115.999 1.6434
116.099 1.64317
116.199 1.64294
116.299 1.64271
116.399 1.64248
116.499 1.64225
116.599 1.64202
116.699 1.64179
116.799 1.64156
116.899 1.64133
116.999 1.6411
117.099 1.64087
117.199 1.64064
117.299 1.6404
117.399 1.64017
117.499 1.63994
117.599 1.63971
117.699 1.63947
117.799 1.63924
117.899 1.63901
117.999 1.63878
118.099 1.63854
118.199 1.63831
118.299 1.63808
118.399 1.63785
118.499 1.63762
118.599 1.63739
118.699 1.63715
118.799 1.63692
118.899 1.63669
118.999 1.63646
119.099 1.63623
119.199 1.636
119.299 1.63577
119.399 1.63554
119.499 1.63531
119.599 1.63508
119.699 1.63485
119.799 1.63461
119.899 1.63438
119.999 1.63415
120.099 1.63391
120.199 1.63368
120.299 1.63344
120.399 1.63321
120.499 1.63298
120.599 1.63274
120.699 1.63251
120.799 1.63227
120.899 1.63204
120.999 1.6318
121.099 1.63157
121.199 1.63133
121.299 1.63109
121.399 1.63086
121.499 1.63062
121.599 1.63038
121.699 1.63014
121.799 1.6299
121.899 1.62967
121.999 1.62943
122.099 1.62919
122.199 1.62895
122.299 1.62871
122.399 1.62848
122.499 1.62824
122.599 1.628
122.699 1.62776
122.799 1.62752
122.899 1.62727
122.999 1.62703
123.099 1.62679
123.199 1.62655
123.299 1.62631
123.399 1.62606
123.499 1.62582
123.599 1.62558
123.699 1.62534
123.799 1.6251
123.899 1.62485
123.999 1.62461
124.099 1.62437
124.199 1.62412
124.299 1.62388
124.399 1.62363
124.499 1.62339
124.599 1.62314
124.699 1.62289
124.799 1.62265
124.899 1.6224
124.999 1.62216
125.099 1.62191
125.199 1.62167
125.299 1.62142
125.399 1.62118
125.499 1.62093
125.599 1.62069
125.699 1.62044
125.799 1.62019
125.899 1.61995
125.999 1.6197
126.099 1.61945
126.199 1.6192
126.299 1.61896
126.399 1.61871
126.499 1.61846
126.599 1.61821
126.699 1.61797
126.799 1.61772
126.899 1.61747
126.999 1.61722
127.099 1.61697
127.199 1.61672
127.299 1.61647
127.399 1.61622
127.499 1.61596
127.599 1.61571
127.699 1.61546
127.799 1.61521
127.899 1.61496
127.999 1.61471
128.099 1.61446
128.199 1.6142
128.299 1.61395
128.399 1.6137
128.499 1.61344
128.599 1.61319
128.699 1.61293
128.799 1.61268
128.899 1.61242
128.999 1.61217
129.099 1.61191
129.199 1.61165
129.299 1.6114
129.399 1.61114
129.499 1.61089
129.599 1.61063
129.699 1.61037
129.799 1.61012
129.899 1.60986
129.999 1.6096
130.099 1.60934
130.199 1.60908
130.299 1.60883
130.399 1.60857
130.499 1.60831
130.599 1.60805
130.699 1.60779
130.799 1.60753
130.899 1.60727
130.999 1.60702
131.099 1.60676
131.199 1.60649
131.299 1.60623
131.399 1.60597
131.499 1.60571
131.599 1.60545
131.699 1.60519
131.799 1.60493
131.899 1.60467
131.999 1.60441
132.099 1.60415
132.199 1.60389
132.299 1.60363
132.399 1.60336
132.499 1.6031
132.599 1.60284
132.699 1.60258
132.799 1.60231
132.899 1.60205
132.999 1.60179
133.099 1.60153
133.199 1.60126
133.299 1.601
133.399 1.60074
133.499 1.60048
133.599 1.60021
133.699 1.59995
133.799 1.59969
133.899 1.59942
133.999 1.59916
134.099 1.59889
134.199 1.59863
134.299 1.59837
134.399 1.5981
134.499 1.59784
134.599 1.59758
134.699 1.59731
134.799 1.59705
134.899 1.59678
134.999 1.59652
135.099 1.59625
135.199 1.59599
135.299 1.59572
135.399 1.59546
135.499 1.59519
135.599 1.59493
135.699 1.59466
135.799 1.5944
135.899 1.59413
135.999 1.59387
136.099 1.5936
136.199 1.59333
136.299 1.59307
136.399 1.5928
136.499 1.59254
136.599 1.59227
136.699 1.592
136.799 1.59174
136.899 1.59147
136.999 1.59121
137.099 1.59094
137.199 1.59067
137.299 1.5904
137.399 1.59014
137.499 1.58987
137.599 1.5896
137.699 1.58933
137.799 1.58907
137.899 1.5888
137.999 1.58853
138.099 1.58826
138.199 1.588
138.299 1.58773
138.399 1.58746
138.499 1.58719
138.599 1.58692
138.699 1.58666
138.799 1.58639
138.899 1.58612
138.999 1.58585
139.099 1.58558
139.199 1.58531
139.299 1.58504
139.399 1.58477
139.499 1.58451
139.599 1.58424
139.699 1.58397
139.799 1.5837
139.899 1.58343
139.999 1.58316
140.099 1.58289
140.199 1.58262
140.299 1.58235
140.399 1.58208
140.499 1.58181
140.599 1.58154
140.699 1.58127
140.799 1.58099
140.899 1.58072
140.999 1.58045
141.099 1.58018
141.199 1.57991
141.299 1.57964
141.399 1.57937
141.499 1.5791
141.599 1.57882
141.699 1.57855
141.799 1.57828
141.899 1.57801
141.999 1.57774
142.099 1.57747
142.199 1.57719
142.299 1.57692
142.399 1.57665
142.499 1.57638
142.599 1.5761
142.699 1.57583
142.799 1.57556
142.899 1.57529
142.999 1.57501
143.099 1.57474
143.199 1.57447
143.299 1.57419
143.399 1.57392
143.499 1.57365
143.599 1.57337
143.699 1.5731
143.799 1.57282
143.899 1.57255
143.999 1.57228
144.099 1.572
144.199 1.57173
144.299 1.57145
144.399 1.57118
144.499 1.5709
144.599 1.57063
144.699 1.57035
144.799 1.57008
144.899 1.5698
144.999 1.56953
145.099 1.56925
145.199 1.56898
145.299 1.5687
145.399 1.56843
145.499 1.56815
145.599 1.56788
145.699 1.5676
145.799 1.56732
145.899 1.56705
145.999 1.56677
146.099 1.56649
146.199 1.56622
146.299 1.56594
146.399 1.56566
146.499 1.56539
146.599 1.56511
146.699 1.56483
146.799 1.56456
146.899 1.56428
146.999 1.564
147.099 1.56372
147.199 1.56345
147.299 1.56317
147.399 1.56289
147.499 1.56261
147.599 1.56233
147.699 1.56206
147.799 1.56178
147.899 1.5615
147.999 1.56122
148.099 1.56094
148.199 1.56066
148.299 1.56038
148.399 1.5601
148.499 1.55983
148.599 1.55955
148.699 1.55927
148.799 1.55899
148.899 1.55871
148.999 1.55843
149.099 1.55815
149.199 1.55787
149.299 1.55759
149.399 1.55731
149.499 1.55703
149.599 1.55675
149.699 1.55647
149.799 1.55619
149.899 1.55591
149.999 1.55563
150.099 1.55534
150.199 1.55506
150.299 1.55478
150.399 1.5545
150.499 1.55422
150.599 1.55394
150.699 1.55366
150.799 1.55337
150.899 1.55309
150.999 1.55281
151.099 1.55253
151.199 1.55225
151.299 1.55196
151.399 1.55168
151.499 1.5514
151.599 1.55112
151.699 1.55083
151.799 1.55055
151.899 1.55027
151.999 1.54998
152.099 1.5497
152.199 1.54942
152.299 1.54913
152.399 1.54885
152.499 1.54857
152.599 1.54828
152.699 1.548
152.799 1.54772
152.899 1.54743
152.999 1.54715
153.099 1.54686
153.199 1.54658
153.299 1.54629
153.399 1.54601
153.499 1.54572
153.599 1.54544
153.699 1.54515
153.799 1.54487
153.899 1.54458
153.999 1.5443
154.099 1.54401
154.199 1.54373
154.299 1.54344
154.399 1.54315
154.499 1.54287
154.599 1.54258
154.699 1.5423
154.799 1.54201
154.899 1.54172
154.999 1.54144
155.099 1.54115
155.199 1.54086
155.299 1.54058
155.399 1.54029
155.499 1.54
155.599 1.53971
155.699 1.53943
155.799 1.53914
155.899 1.53885
155.999 1.53856
156.099 1.53828
156.199 1.53799
156.299 1.5377
156.399 1.53741
156.499 1.53712
156.599 1.53684
156.699 1.53655
156.799 1.53626
156.899 1.53597
156.999 1.53568
157.099 1.53539
157.199 1.5351
157.299 1.53481
157.399 1.53452
157.499 1.53423
157.599 1.53394
157.699 1.53365
157.799 1.53336
157.899 1.53307
157.999 1.53278
158.099 1.53249
158.199 1.5322
158.299 1.53191
158.399 1.53162
158.499 1.53133
158.599 1.53104
158.699 1.53075
158.799 1.53046
158.899 1.53017
158.999 1.52988
159.099 1.52958
159.199 1.52929
159.299 1.529
159.399 1.52871
159.499 1.52842
159.599 1.52812
159.699 1.52783
159.799 1.52754
159.899 1.52725
159.999 1.52696
160.099 1.52666
160.199 1.52637
160.299 1.52608
160.399 1.52578
160.499 1.52549
160.599 1.5252
160.699 1.52491
160.799 1.52461
160.899 1.52432
160.999 1.52403
161.099 1.52373
161.199 1.52344
161.299 1.52314
161.399 1.52285
161.499 1.52256
161.599 1.52226
161.699 1.52197
161.799 1.52167
161.899 1.52138
161.999 1.52108
162.099 1.52079
162.199 1.5205
162.299 1.5202
162.399 1.51991
162.499 1.51961
162.599 1.51932
162.699 1.51902
162.799 1.51872
162.899 1.51843
162.999 1.51813
163.099 1.51784
163.199 1.51754
163.299 1.51725
163.399 1.51695
163.499 1.51666
163.599 1.51636
163.699 1.51607
163.799 1.51577
163.899 1.51547
163.999 1.51518
164.099 1.51488
164.199 1.51458
164.299 1.51429
164.399 1.51399
164.499 1.5137
164.599 1.5134
164.699 1.5131
164.799 1.51281
164.899 1.51251
164.999 1.51221
165.099 1.51192
165.199 1.51162
165.299 1.51133
165.399 1.51103
165.499 1.51073
165.599 1.51044
165.699 1.51014
165.799 1.50984
165.899 1.50955
165.999 1.50925
166.099 1.50896
166.199 1.50866
166.299 1.50836
166.399 1.50807
166.499 1.50777
166.599 1.50748
166.699 1.50718
166.799 1.50689
166.899 1.50659
166.999 1.50629
167.099 1.506
167.199 1.5057
167.299 1.50541
167.399 1.50512
167.499 1.50482
167.599 1.50453
167.699 1.50424
167.799 1.50394
167.899 1.50365
167.999 1.50335
168.099 1.50306
168.199 1.50277
168.299 1.50247
168.399 1.50218
168.499 1.50189
168.599 1.5016
168.699 1.50131
168.799 1.50102
168.899 1.50074
168.999 1.50045
169.099 1.50016
169.199 1.49987
169.299 1.49958
169.399 1.49929
169.499 1.499
169.599 1.49871
169.699 1.49843
169.799 1.49815
169.899 1.49787
169.999 1.49759
170.099 1.4973
170.199 1.49702
170.299 1.49674
170.399 1.49646
170.499 1.49618
170.599 1.4959
170.699 1.49562
170.799 1.49534
170.899 1.49506
170.999 1.4948
171.099 1.49453
171.199 1.49426
171.299 1.494
171.399 1.49373
171.499 1.49346
171.599 1.4932
171.699 1.49293
171.799 1.49266
171.899 1.4924
171.999 1.49213
172.099 1.49187
172.199 1.49162
172.299 1.49137
172.399 1.49113
172.499 1.49089
172.599 1.49065
172.699 1.4904
172.799 1.49016
172.899 1.48992
172.999 1.48968
173.099 1.48943
173.199 1.48919
173.299 1.48895
173.399 1.48871
173.499 1.4885
173.599 1.4883
173.699 1.48809
173.799 1.48789
173.899 1.48768
173.999 1.48748
174.099 1.48727
174.199 1.48707
174.299 1.48686
174.399 1.48665
174.499 1.48645
174.599 1.48624
174.699 1.48607
174.799 1.48592
174.899 1.48577
174.999 1.48562
175.099 1.48547
175.199 1.48533
175.299 1.48518
175.399 1.48503
175.499 1.48488
175.599 1.48473
175.699 1.48458
175.799 1.48444
175.899 1.48429
175.999 1.48419
176.099 1.48413
176.199 1.48406
176.299 1.484
176.399 1.48393
176.499 1.48387
176.599 1.4838
176.699 1.48374
176.799 1.48367
176.899 1.48361
176.999 1.48354
177.099 1.48348
177.199 1.48342
177.299 1.48341
177.399 1.48346
177.499 1.48351
177.599 1.48356
177.699 1.4836
177.799 1.48365
177.899 1.4837
177.999 1.48375
178.099 1.4838
178.199 1.48385
178.299 1.4839
178.399 1.48396
178.499 1.48408
178.599 1.48421
178.699 1.48441
178.799 1.4846
178.899 1.4848
178.999 1.485
179.099 1.4852
179.199 1.4854
179.299 1.4856
179.399 1.48579
179.499 1.48599
179.599 1.48622
179.699 1.48645
179.799 1.48677
179.899 1.48712
179.999 1.48747
180.099 1.48788
180.199 1.48829
180.299 1.48868
180.399 1.48898
180.499 1.48928
180.599 1.48959
180.699 1.48989
180.799 1.4902
180.899 1.4905
180.999 1.49083
181.098 1.49123
181.198 1.49162
181.298 1.49201
181.398 1.49241
181.498 1.4928
181.598 1.49319
181.698 1.49359
181.798 1.49398
181.898 1.49434
181.998 1.49463
182.098 1.49491
182.198 1.4952
182.298 1.49554
182.398 1.4959
182.498 1.49626
182.598 1.49662
182.698 1.49698
182.798 1.49734
182.898 1.4977
182.998 1.49806
183.098 1.49842
183.197 1.49878
183.297 1.49914
183.397 1.49951
183.497 1.4999
183.597 1.50031
183.697 1.50063
183.797 1.50096
183.897 1.50128
183.997 1.50161
184.097 1.50193
184.197 1.50226
184.297 1.50259
184.397 1.50291
184.497 1.50324
184.597 1.50356
184.697 1.50389
184.797 1.50421
184.897 1.50455
184.997 1.5049
185.097 1.50525
185.197 1.5056
185.296 1.50595
185.396 1.50629
185.496 1.50656
185.596 1.5068
185.696 1.50705
185.796 1.50729
185.896 1.50754
185.996 1.50778
186.096 1.50803
186.196 1.50827
186.296 1.5085
186.396 1.50873
186.496 1.50896
186.596 1.50919
186.696 1.50942
186.796 1.50965
186.896 1.50988
186.996 1.51011
187.096 1.51034
187.196 1.51057
187.296 1.5108
187.395 1.51101
187.495 1.51116
187.595 1.51126
187.695 1.51136
187.795 1.51146
187.895 1.51158
187.995 1.5117
188.095 1.51181
188.195 1.51193
188.295 1.51204
188.395 1.51216
188.495 1.51228
188.595 1.51239
188.695 1.51251
188.795 1.51262
188.895 1.51271
188.995 1.51272
189.095 1.51272
189.195 1.51272
189.295 1.51273
189.395 1.51273
189.494 1.51273
189.594 1.51269
189.694 1.51266
189.794 1.51263
189.894 1.5126
189.994 1.51256
190.094 1.51253
190.194 1.5125
190.294 1.51242
190.394 1.51226
190.494 1.5121
190.594 1.51194
190.694 1.51179
190.794 1.51163
190.894 1.51147
190.994 1.51131
191.094 1.51116
191.194 1.511
191.294 1.51084
191.394 1.51069
191.494 1.51053
191.594 1.51037
191.693 1.51015
191.793 1.50985
191.893 1.50955
191.993 1.50925
192.093 1.50895
192.193 1.50865
192.293 1.50835
192.393 1.50805
192.493 1.50775
192.593 1.50745
192.693 1.50715
192.793 1.50685
192.893 1.50655
192.993 1.50625
193.093 1.50593
193.193 1.50554
193.293 1.50516
193.393 1.50478
193.493 1.5044
193.593 1.50402
193.693 1.50363
193.792 1.50325
193.892 1.50287
193.992 1.50249
194.092 1.50211
194.192 1.50174
194.292 1.50136
194.392 1.50099
194.492 1.50062
194.592 1.50022
194.692 1.49982
194.792 1.49942
194.892 1.49903
194.992 1.49863
195.092 1.49823
195.192 1.49783
195.292 1.4974
195.392 1.49696
195.492 1.49652
195.592 1.49608
195.692 1.49565
195.792 1.49521
195.891 1.49477
195.991 1.49434
196.091 1.49391
196.191 1.49349
196.291 1.49306
196.391 1.49263
196.491 1.49222
196.591 1.49182
196.691 1.49142
196.791 1.49102
196.891 1.49062
196.991 1.49022
197.091 1.48982
197.191 1.48942
197.291 1.48902
197.391 1.48862
197.491 1.48827
197.591 1.48792
197.691 1.48757
197.791 1.48722
197.891 1.48687
197.99 1.48652
198.09 1.48616
198.19 1.48581
198.29 1.48546
198.39 1.48511
198.49 1.48476
198.59 1.48441
198.69 1.48406
198.79 1.48369
198.89 1.48331
198.99 1.483
199.09 1.4827
199.19 1.48239
199.29 1.48209
199.39 1.48179
199.49 1.48149
199.59 1.48119
199.69 1.48089
199.79 1.48059
199.89 1.48029
199.99 1.47999
200.089 1.47969
200.189 1.47939
200.289 1.47909
200.389 1.47882
200.489 1.47858
200.589 1.47835
200.689 1.47812
200.789 1.47789
200.889 1.47766
200.989 1.47742
201.089 1.47719
201.189 1.47696
201.289 1.47673
201.389 1.47649
201.489 1.47626
201.589 1.47606
201.689 1.47587
201.789 1.47568
201.889 1.47551
201.989 1.47538
202.089 1.47525
202.188 1.47512
202.288 1.47499
202.388 1.47483
202.488 1.47467
202.588 1.4745
202.688 1.47433
202.788 1.47417
202.888 1.474
202.988 1.47384
203.088 1.47367
203.188 1.47351
203.288 1.47334
203.388 1.47317
203.488 1.47308
203.588 1.47297
203.688 1.47287
203.788 1.47277
203.888 1.47266
203.988 1.47256
204.088 1.47246
204.188 1.47236
204.287 1.47228
204.387 1.47221
204.487 1.47214
204.587 1.47207
204.687 1.472
204.787 1.47193
204.887 1.47186
204.987 1.47182
205.087 1.47179
205.187 1.47177
205.287 1.47175
205.387 1.47172
205.487 1.4717
205.587 1.47168
205.687 1.47165
205.787 1.47163
205.887 1.47161
205.987 1.47155
206.087 1.4715
206.187 1.47146
206.287 1.47141
206.386 1.47136
206.486 1.47131
206.586 1.4713
206.686 1.47129
206.786 1.47128
206.886 1.47127
206.986 1.47126
207.086 1.47127
207.186 1.47129
207.286 1.47131
207.386 1.47132
207.486 1.47134
207.586 1.47136
207.686 1.47137
207.786 1.47139
207.886 1.47141
207.986 1.47142
208.086 1.47144
208.186 1.47148
208.286 1.47152
208.386 1.47156
208.485 1.4716
208.585 1.47163
208.685 1.47167
208.785 1.47171
208.885 1.47175
208.985 1.47179
209.085 1.47183
209.185 1.47187
209.285 1.47191
209.385 1.47194
209.485 1.47198
209.585 1.472
209.685 1.47202
209.785 1.47205
209.885 1.47209
209.985 1.47214
210.085 1.47219
210.185 1.47225
210.285 1.4723
210.385 1.47236
210.485 1.47241
210.585 1.47247
210.684 1.47252
210.784 1.47258
210.884 1.47263
210.984 1.47269
211.084 1.47274
211.184 1.4728
211.284 1.47285
211.384 1.47291
211.484 1.47296
211.584 1.47302
211.684 1.47307
211.784 1.47313
211.884 1.47318
211.984 1.47324
212.084 1.47329
212.184 1.47335
212.284 1.4734
212.384 1.47346
212.484 1.47351
212.584 1.47357
212.684 1.47362
212.783 1.47368
212.883 1.47373
212.983 1.47379
213.083 1.47385
213.183 1.4739
213.283 1.47396
213.383 1.47401
213.483 1.47406
213.583 1.47412
213.683 1.47417
213.783 1.47422
213.883 1.47428
213.983 1.47433
214.083 1.47438
214.183 1.47444
214.283 1.47449
214.383 1.47454
214.483 1.4746
214.583 1.47465
214.683 1.47469
214.783 1.47473
214.882 1.47477
214.982 1.47481
215.082 1.47486
215.182 1.4749
215.282 1.47494
215.382 1.47498
215.482 1.47502
215.582 1.47506
215.682 1.4751
215.782 1.47514
215.882 1.47518
215.982 1.47522
216.082 1.47527
216.182 1.47532
216.282 1.47537
216.382 1.4754
216.482 1.47543
216.582 1.47546
216.682 1.47549
216.782 1.47552
216.882 1.47555
216.981 1.47558
217.081 1.47561
217.181 1.47564
217.281 1.47566
217.381 1.47569
217.481 1.47572
217.581 1.47575
217.681 1.47578
217.781 1.47581
217.881 1.47584
217.981 1.47586
218.081 1.47587
218.181 1.47588
218.281 1.4759
218.381 1.47591
218.481 1.47592
218.581 1.47593
218.681 1.47594
218.781 1.47595
218.881 1.47596
218.981 1.47598
219.08 1.47599
219.18 1.476
219.28 1.47602
219.38 1.47603
219.48 1.47605
219.58 1.47607
219.68 1.47608
219.78 1.47608
219.88 1.47608
219.98 1.47608
220.08 1.47608
220.18 1.47608
220.28 1.47607
220.38 1.47607
220.48 1.47607
220.58 1.47607
220.68 1.47606
220.78 1.47606
220.88 1.47606
220.98 1.47605
221.08 1.47605
221.179 1.47605
221.279 1.47605
221.379 1.47604
221.479 1.47602
221.579 1.476
221.679 1.47598
221.779 1.47596
221.879 1.47594
221.979 1.47592
222.079 1.4759
222.179 1.47588
222.279 1.47586
222.379 1.47583
222.479 1.47582
222.579 1.4758
222.679 1.47579
222.779 1.47577
222.879 1.47575
222.979 1.47574
223.079 1.47572
223.179 1.47569
223.278 1.47565
223.378 1.47562
223.478 1.47559
223.578 1.47556
223.678 1.47552
223.778 1.47549
223.878 1.47545
223.978 1.47542
224.078 1.47539
224.178 1.47535
224.278 1.47532
224.378 1.47528
224.478 1.47525
224.578 1.47521
224.678 1.47518
224.778 1.47515
224.878 1.47509
224.978 1.47504
225.078 1.47499
225.178 1.47493
225.278 1.47488
225.377 1.47483
225.477 1.47477
225.577 1.47472
225.677 1.47467
225.777 1.47462
225.877 1.47457
225.977 1.47453
226.077 1.47448
226.177 1.47443
226.277 1.47438
226.377 1.47434
226.477 1.47429
226.577 1.47423
226.677 1.47417
226.777 1.4741
226.877 1.47404
226.977 1.47397
227.077 1.47391
227.177 1.47385
227.277 1.47378
227.377 1.47372
227.476 1.47365
227.576 1.47359
227.676 1.47352
227.776 1.47346
227.876 1.47339
227.976 1.47332
228.076 1.47326
228.176 1.47319
228.276 1.47311
228.376 1.47302
228.476 1.47293
228.576 1.47284
228.676 1.47275
228.776 1.47267
228.876 1.47258
228.976 1.47249
229.076 1.47242
229.176 1.47234
229.276 1.47226
229.376 1.47218
229.476 1.47211
229.576 1.47203
229.675 1.47195
229.775 1.47187
229.875 1.4718
229.975 1.47171
230.075 1.47162
230.175 1.47152
230.275 1.47143
230.375 1.47134
230.475 1.47124
230.575 1.47115
230.675 1.47105
230.775 1.47096
230.875 1.47086
230.975 1.47077
231.075 1.47067
231.175 1.47057
231.275 1.47047
231.375 1.47036
231.475 1.47026
231.575 1.47016
231.675 1.47005
231.774 1.46993
231.874 1.4698
231.974 1.46968
232.074 1.46956
232.174 1.46944
232.274 1.46933
232.374 1.46922
232.474 1.46912
232.574 1.46902
232.674 1.46892
232.774 1.46882
232.874 1.46872
232.974 1.46861
233.074 1.46851
233.174 1.46841
233.274 1.46831
233.374 1.46821
233.474 1.46811
233.574 1.46801
233.674 1.46791
233.774 1.46781
233.873 1.46771
233.973 1.46761
234.073 1.46752
234.173 1.46742
234.273 1.46732
234.373 1.46722
234.473 1.46712
234.573 1.46702
234.673 1.46692
234.773 1.4668
234.873 1.46667
234.973 1.46655
235.073 1.46642
235.173 1.46632
235.273 1.46623
235.373 1.46613
235.473 1.46604
235.573 1.46596
235.673 1.46588
235.773 1.46581
235.873 1.46573
235.972 1.46566
236.072 1.46558
236.172 1.46551
236.272 1.46544
236.372 1.46536
236.472 1.46529
236.572 1.46521
236.672 1.46514
236.772 1.46507
236.872 1.46501
236.972 1.465
237.072 1.46498
237.172 1.46497
237.272 1.46495
237.372 1.46494
237.472 1.46492
237.572 1.46491
237.672 1.46489
237.772 1.46488
237.872 1.46486
237.972 1.46485
238.071 1.46483
238.171 1.46482
238.271 1.4648
238.371 1.46476
238.471 1.46472
238.571 1.46469
238.671 1.46474
238.771 1.46479
238.871 1.46484
238.971 1.46487
239.071 1.46491
239.171 1.46495
239.271 1.46498
239.371 1.46502
239.471 1.46505
239.571 1.46509
239.671 1.46513
239.771 1.46516
239.871 1.4652
239.971 1.46524
240.071 1.46527
240.17 1.46531
240.27 1.46535
240.37 1.46542
240.47 1.46551
240.57 1.4656
240.67 1.46568
240.77 1.46577
240.87 1.46585
240.97 1.46594
241.07 1.46602
241.17 1.46611
241.27 1.4662
241.37 1.46628
241.47 1.46637
241.57 1.46645
241.67 1.46654
241.77 1.46662
241.87 1.46671
241.97 1.4668
242.07 1.46689
242.17 1.46698
242.269 1.46706
242.369 1.46714
242.469 1.46722
242.569 1.4673
242.669 1.46737
242.769 1.46745
242.869 1.46753
242.969 1.46761
243.069 1.46769
243.169 1.46777
243.269 1.46784
243.369 1.46792
243.469 1.468
243.569 1.46808
243.669 1.46816
243.769 1.46823
243.869 1.4683
243.969 1.46837
244.069 1.46845
244.169 1.46852
244.269 1.46859
244.368 1.46866
244.468 1.46873
244.568 1.4688
244.668 1.46887
244.768 1.46895
244.868 1.46902
244.968 1.46909
245.068 1.46916
245.168 1.46923
245.268 1.4693
245.368 1.46937
245.468 1.46944
245.568 1.46947
245.668 1.46952
245.768 1.46956
245.868 1.4696
245.968 1.46964
246.068 1.46968
246.168 1.46972
246.268 1.46976
246.368 1.4698
246.467 1.46984
246.567 1.46988
246.667 1.46992
246.767 1.46996
246.867 1.47
246.967 1.47004
247.067 1.47008
247.167 1.47012
247.267 1.47014
247.367 1.46996
247.467 1.46979
247.567 1.46962
247.667 1.46944
247.767 1.46927
247.867 1.4691
247.967 1.46894
248.067 1.46878
248.167 1.46863
248.267 1.46848
248.367 1.46832
248.467 1.46817
248.567 1.46802
248.667 1.46786
248.767 1.46771
248.867 1.46756
248.967 1.4674
249.067 1.46725
249.167 1.46709
249.267 1.46692
249.367 1.46675
249.467 1.46658
249.567 1.46641
249.667 1.46624
249.767 1.46607
249.867 1.4659
249.967 1.46573
250.067 1.46556
250.167 1.46539
250.267 1.46522
250.367 1.46505
250.467 1.46491
250.567 1.46477
250.667 1.46462
250.767 1.46448
250.867 1.46434
250.967 1.4642
251.067 1.46405
251.167 1.4639
251.267 1.46373
251.367 1.46356
251.467 1.46339
251.567 1.46322
251.667 1.46307
251.767 1.46293
251.867 1.46279
251.967 1.46265
252.067 1.46252
252.167 1.46238
252.267 1.46224
252.367 1.4621
252.467 1.46195
252.567 1.4618
252.667 1.46164
252.767 1.46149
252.867 1.46134
252.967 1.46122
253.067 1.4611
253.167 1.46096
253.267 1.46081
253.367 1.46066
253.467 1.46051
253.567 1.46037
253.667 1.46022
253.767 1.46007
253.867 1.45992
253.967 1.45977
254.067 1.45963
254.167 1.45951
254.267 1.45939
254.367 1.45927
254.467 1.45915
254.567 1.45904
254.667 1.45892
254.767 1.4588
254.867 1.45868
254.967 1.45856
255.067 1.45845
255.167 1.4583
255.267 1.45816
255.367 1.45804
255.467 1.45792
255.567 1.45781
255.667 1.4577
255.767 1.45758
255.867 1.45745
255.967 1.45733
256.067 1.45721
256.167 1.45708
256.267 1.45696
256.367 1.45683
256.467 1.45671
256.567 1.45659
256.667 1.4565
256.767 1.4564
256.867 1.45631
256.967 1.45621
257.067 1.45611
257.167 1.45599
257.267 1.45587
257.367 1.45575
257.467 1.45563
257.567 1.45551
257.667 1.45539
257.767 1.45527
257.867 1.45517
257.967 1.45508
258.067 1.45499
258.167 1.45489
258.267 1.4548
258.367 1.45471
258.467 1.45462
258.567 1.45452
258.667 1.45443
258.767 1.45434
258.867 1.45424
258.967 1.45415
259.067 1.45406
259.167 1.45396
259.267 1.45386
259.367 1.45377
259.467 1.45367
259.567 1.45358
259.667 1.45348
259.767 1.45339
259.867 1.45329
259.967 1.4532
260.067 1.4531
260.167 1.453
260.267 1.45291
260.367 1.45284
260.467 1.45277
260.567 1.45269
260.667 1.45262
260.767 1.45255
260.867 1.45247
260.967 1.4524
261.067 1.4523
261.167 1.45221
261.267 1.45212
261.367 1.45202
261.467 1.45193
261.567 1.45185
261.667 1.45178
261.767 1.45171
261.867 1.45164
261.967 1.45156
262.067 1.45149
262.167 1.45142
262.267 1.45134
262.367 1.45127
262.467 1.45119
262.567 1.45112
262.667 1.45104
262.767 1.45097
262.867 1.45091
262.967 1.45084
263.067 1.45077
263.167 1.4507
263.267 1.45062
263.367 1.45055
263.467 1.45047
263.567 1.4504
263.667 1.45033
263.767 1.45025
263.867 1.45018
263.967 1.45011
264.067 1.45005
264.167 1.44999
264.267 1.44993
264.367 1.44987
264.467 1.44981
264.567 1.44975
264.667 1.44969
264.767 1.44963
264.867 1.44956
264.967 1.44949
265.067 1.44942
265.167 1.44935
265.267 1.44928
265.367 1.44922
265.467 1.44916
265.567 1.4491
265.667 1.44904
265.767 1.44898
265.867 1.44892
265.967 1.44885
266.067 1.44879
266.167 1.44873
266.267 1.44866
266.367 1.4486
266.467 1.44854
266.567 1.44849
266.667 1.44843
266.767 1.44838
266.867 1.44832
266.967 1.44826
267.067 1.4482
267.167 1.44814
267.267 1.44807
267.367 1.44801
267.467 1.44795
267.567 1.44789
267.667 1.44782
267.767 1.44777
267.867 1.44771
267.967 1.44766
268.067 1.4476
268.167 1.44755
268.267 1.44749
268.367 1.44744
268.467 1.44738
268.567 1.44733
268.667 1.44727
268.767 1.44722
268.867 1.44716
268.967 1.4471
269.067 1.44704
269.167 1.44698
269.267 1.44693
269.367 1.44687
269.467 1.44681
269.567 1.44676
269.667 1.4467
269.767 1.44664
269.867 1.44658
269.967 1.44653
270.067 1.44647
270.167 1.44641
270.267 1.44636
270.367 1.44631
270.467 1.44625
270.567 1.4462
270.667 1.44615
270.767 1.44609
270.867 1.44603
270.967 1.44598
271.067 1.44592
271.167 1.44586
271.267 1.4458
271.367 1.44574
271.467 1.44569
271.567 1.44563
271.667 1.44558
271.767 1.44552
271.867 1.44547
271.967 1.44541
272.067 1.44536
272.167 1.4453
272.267 1.44525
272.367 1.44519
272.467 1.44514
272.567 1.44508
272.667 1.44503
272.767 1.44497
272.867 1.44491
272.967 1.44486
273.067 1.4448
273.167 1.44474
273.267 1.44469
273.367 1.44463
273.467 1.44457
273.567 1.44452
273.667 1.44446
273.767 1.4444
273.867 1.44435
273.967 1.44429
274.067 1.44424
274.167 1.44418
274.267 1.44413
274.367 1.44407
274.467 1.44402
274.567 1.44396
274.667 1.4439
274.767 1.44384
274.867 1.44379
274.967 1.44373
275.067 1.44367
275.167 1.44361
275.267 1.44356
275.367 1.4435
275.467 1.44344
275.567 1.44338
275.667 1.44333
275.767 1.44327
275.867 1.44321
275.967 1.44316
276.067 1.4431
276.167 1.44304
276.267 1.44299
276.367 1.44293
276.467 1.44287
276.567 1.44282
276.667 1.44276
276.767 1.4427
276.867 1.44264
276.967 1.44258
277.067 1.44252
277.167 1.44247
277.267 1.44241
277.367 1.44235
277.467 1.44229
277.567 1.44223
277.667 1.44217
277.767 1.44212
277.867 1.44206
277.967 1.442
278.067 1.44194
278.167 1.44189
278.267 1.44183
278.367 1.44177
278.467 1.44171
278.567 1.44165
278.667 1.44159
278.767 1.44154
278.867 1.44148
278.967 1.44142
279.067 1.44136
279.167 1.4413
279.267 1.44124
279.367 1.44119
279.467 1.44113
279.567 1.44107
279.667 1.44101
279.767 1.44095
279.867 1.44089
279.967 1.44083
280.067 1.44078
280.167 1.44072
280.267 1.44066
280.367 1.4406
280.467 1.44054
280.567 1.44048
280.667 1.44042
280.767 1.44036
280.867 1.4403
280.967 1.44025
281.067 1.44019
281.167 1.44013
281.267 1.44007
281.367 1.44001
281.467 1.43995
281.567 1.43989
281.667 1.43983
281.767 1.43977
281.867 1.43971
281.967 1.43965
282.067 1.4396
282.167 1.43954
282.267 1.43948
282.367 1.43942
282.467 1.43936
282.567 1.43931
282.667 1.43925
282.767 1.43919
282.867 1.43913
282.967 1.43907
283.067 1.43901
283.167 1.43896
283.267 1.4389
283.367 1.43884
283.467 1.43878
283.567 1.43872
283.667 1.43866
283.767 1.4386
283.867 1.43855
283.967 1.43849
284.067 1.43843
284.167 1.43837
284.267 1.43831
284.367 1.43825
284.467 1.4382
284.567 1.43814
284.667 1.43808
284.767 1.43802
284.867 1.43796
284.967 1.4379
285.067 1.43785
285.167 1.43779
285.267 1.43773
285.367 1.43767
285.467 1.43761
285.567 1.43755
285.667 1.43749
285.767 1.43744
285.867 1.43738
285.967 1.43732
286.067 1.43726
286.167 1.4372
286.267 1.43715
286.367 1.43709
286.467 1.43703
286.567 1.43697
286.667 1.43692
286.767 1.43686
286.867 1.4368
286.967 1.43674
287.067 1.43669
287.167 1.43663
287.267 1.43657
287.367 1.43651
287.467 1.43645
287.567 1.4364
287.667 1.43634
287.767 1.43629
287.867 1.43623
287.967 1.43617
288.067 1.43612
288.167 1.43606
288.267 1.436
288.367 1.43595
288.467 1.43589
288.567 1.43584
288.667 1.43578
288.767 1.43572
288.867 1.43567
288.967 1.43561
289.067 1.43556
289.167 1.4355
289.267 1.43544
289.367 1.43539
289.467 1.43533
289.567 1.43528
289.667 1.43522
289.767 1.43517
289.867 1.43511
289.967 1.43506
290.067 1.435
290.167 1.43495
290.267 1.43489
290.367 1.43484
290.467 1.43478
290.567 1.43473
290.667 1.43467
290.767 1.43462
290.867 1.43456
290.967 1.43451
291.067 1.43445
291.167 1.4344
291.267 1.43434
291.367 1.43429
291.467 1.43424
291.567 1.43418
291.667 1.43413
291.767 1.43408
291.867 1.43402
291.967 1.43397
292.067 1.43392
292.167 1.43387
292.267 1.43381
292.367 1.43376
292.467 1.43371
292.567 1.43365
292.667 1.4336
292.767 1.43355
292.867 1.4335
292.967 1.43345
293.067 1.4334
293.167 1.43334
293.267 1.43329
293.367 1.43324
293.467 1.43319
293.567 1.43314
293.667 1.43309
293.767 1.43304
293.867 1.43299
293.967 1.43294
294.067 1.43289
294.167 1.43283
294.267 1.43278
294.367 1.43273
294.467 1.43268
294.567 1.43264
294.667 1.43259
294.767 1.43254
294.867 1.43249
294.967 1.43244
295.067 1.43239
295.167 1.43234
295.267 1.43229
295.367 1.43224
295.467 1.43219
295.567 1.43214
295.667 1.4321
295.767 1.43205
295.867 1.432
295.967 1.43195
296.067 1.4319
296.167 1.43185
296.267 1.4318
296.367 1.43176
296.467 1.43171
296.567 1.43166
296.667 1.43161
296.767 1.43156
296.867 1.43151
296.967 1.43146
297.067 1.43142
297.167 1.43137
297.267 1.43132
297.367 1.43127
297.467 1.43122
297.567 1.43117
297.667 1.43112
297.767 1.43108
297.867 1.43103
297.967 1.43098
298.067 1.43093
298.167 1.43088
298.267 1.43083
298.367 1.43078
298.467 1.43074
298.567 1.43069
298.667 1.43064
298.767 1.43059
298.867 1.43054
298.967 1.43049
299.067 1.43044
299.167 1.43039
299.267 1.43035
299.367 1.4303
299.467 1.43025
299.567 1.4302
299.667 1.43015
299.767 1.4301
299.867 1.43005
299.967 1.43001
300.067 1.42996
300.167 1.42991
300.267 1.42986
300.367 1.42981
300.467 1.42976
300.567 1.42971
300.667 1.42966
300.767 1.42962
300.867 1.42957
300.967 1.42952
301.067 1.42947
301.167 1.42942
301.267 1.42937
301.367 1.42933
301.467 1.42928
301.567 1.42923
301.667 1.42918
301.767 1.42913
301.867 1.42908
301.967 1.42904
302.067 1.42899
302.167 1.42894
302.267 1.42889
302.367 1.42884
302.467 1.4288
302.567 1.42875
302.667 1.4287
302.767 1.42865
302.867 1.4286
302.967 1.42855
303.067 1.42851
303.167 1.42846
303.267 1.42841
303.367 1.42836
303.467 1.42832
303.567 1.42827
303.667 1.42822
303.767 1.42817
303.867 1.42812
303.967 1.42808
304.067 1.42803
304.167 1.42798
304.267 1.42793
304.367 1.42789
304.467 1.42784
304.567 1.42779
304.667 1.42774
304.767 1.4277
304.867 1.42765
304.967 1.4276
305.067 1.42755
305.167 1.42751
305.267 1.42746
305.367 1.42741
305.467 1.42737
305.567 1.42732
305.667 1.42727
305.767 1.42722
305.867 1.42718
305.967 1.42713
306.067 1.42708
306.167 1.42704
306.267 1.42699
306.367 1.42694
306.467 1.4269
306.567 1.42685
306.667 1.4268
306.767 1.42676
306.867 1.42671
306.967 1.42666
307.067 1.42662
307.167 1.42657
307.267 1.42652
307.367 1.42648
307.467 1.42643
307.567 1.42638
307.667 1.42634
307.767 1.42629
307.867 1.42624
307.967 1.4262
308.067 1.42615
308.167 1.42611
308.267 1.42606
308.367 1.42601
308.467 1.42597
308.567 1.42592
308.667 1.42588
308.767 1.42583
308.867 1.42579
308.967 1.42574
309.067 1.42569
309.167 1.42565
309.267 1.4256
309.367 1.42556
309.467 1.42551
309.567 1.42547
309.667 1.42542
309.767 1.42538
309.867 1.42533
309.967 1.42529
310.067 1.42524
310.167 1.4252
310.267 1.42515
310.367 1.42511
310.467 1.42507
310.567 1.42502
310.667 1.42498
310.767 1.42493
310.867 1.42489
310.967 1.42485
311.067 1.4248
311.167 1.42476
311.267 1.42471
311.367 1.42467
311.467 1.42463
311.567 1.42458
311.667 1.42454
311.767 1.4245
311.867 1.42446
311.967 1.42441
312.067 1.42437
312.167 1.42433
312.267 1.42429
312.367 1.42424
312.467 1.4242
312.567 1.42416
312.667 1.42412
312.767 1.42408
312.867 1.42403
312.967 1.42399
313.067 1.42395
313.167 1.42391
313.267 1.42387
313.367 1.42383
313.467 1.42379
313.567 1.42375
313.667 1.42371
313.767 1.42367
313.867 1.42362
313.967 1.42358
314.067 1.42354
314.167 1.4235
314.267 1.42346
314.367 1.42342
314.467 1.42338
314.567 1.42335
314.667 1.42331
314.767 1.42327
314.867 1.42323
314.967 1.42319
315.067 1.42315
315.167 1.42311
315.267 1.42307
315.367 1.42303
315.467 1.42299
315.567 1.42295
315.667 1.42291
315.767 1.42288
315.867 1.42284
315.967 1.4228
316.067 1.42276
316.167 1.42272
316.267 1.42268
316.367 1.42264
316.467 1.4226
316.567 1.42257
316.667 1.42253
316.767 1.42249
316.867 1.42245
316.967 1.42241
317.067 1.42237
317.167 1.42233
317.267 1.42229
317.367 1.42226
317.467 1.42222
317.567 1.42218
317.667 1.42214
317.767 1.4221
317.867 1.42206
317.967 1.42202
318.067 1.42198
318.167 1.42194
318.267 1.42191
318.367 1.42187
318.467 1.42183
318.567 1.42179
318.667 1.42175
318.767 1.42171
318.867 1.42167
318.967 1.42163
319.067 1.42159
319.167 1.42155
319.267 1.42151
319.367 1.42147
319.467 1.42143
319.567 1.42139
319.667 1.42135
319.767 1.42131
319.867 1.42127
319.967 1.42123
320.067 1.42118
320.167 1.42114
320.267 1.4211
320.367 1.42105
320.467 1.42101
320.567 1.42097
320.667 1.42092
320.767 1.42088
320.867 1.42084
320.967 1.42079
321.067 1.42075
321.167 1.42071
321.267 1.42066
321.367 1.42061
321.467 1.42057
321.567 1.42052
321.667 1.42047
321.767 1.42042
321.867 1.42037
321.967 1.42032
322.067 1.42027
322.167 1.42022
322.267 1.42017
322.367 1.42012
322.467 1.42007
322.567 1.42002
322.667 1.41997
322.767 1.41992
322.867 1.41987
322.967 1.41982
323.067 1.41976
323.167 1.41971
323.267 1.41966
323.367 1.4196
323.467 1.41955
323.567 1.4195
323.667 1.41944
323.767 1.41939
323.867 1.41934
323.967 1.41928
324.067 1.41923
324.167 1.41918
324.267 1.41913
324.367 1.41908
324.467 1.41903
324.567 1.41898
324.667 1.41893
324.767 1.41887
324.867 1.41882
324.967 1.41878
325.067 1.41873
325.167 1.41868
325.267 1.41863
325.367 1.41859
325.467 1.41854
325.567 1.41849
325.667 1.41844
325.767 1.41839
325.867 1.41834
325.967 1.41829
326.067 1.41825
326.167 1.4182
326.267 1.41815
326.367 1.41811
326.467 1.41807
326.567 1.41802
326.667 1.41798
326.767 1.41794
326.867 1.4179
326.967 1.41786
327.067 1.41782
327.167 1.41779
327.267 1.41775
327.367 1.41772
327.467 1.41768
327.567 1.41764
327.667 1.4176
327.767 1.41756
327.867 1.41753
327.967 1.4175
328.067 1.41747
328.167 1.41744
328.267 1.41741
328.367 1.41738
328.467 1.41735
328.567 1.41733
328.667 1.4173
328.767 1.41727
328.867 1.41725
328.967 1.41724
329.067 1.41723
329.167 1.41722
329.267 1.4172
329.367 1.41719
329.467 1.41717
329.567 1.41715
329.667 1.41714
329.767 1.41712
329.867 1.41713
329.967 1.41713
330.067 1.41713
330.167 1.41713
330.267 1.41714
330.367 1.41714
330.467 1.41714
330.567 1.41715
330.667 1.41715
330.767 1.41717
330.867 1.4172
330.967 1.41723
331.067 1.41725
331.167 1.41727
331.267 1.4173
331.367 1.41732
331.467 1.41735
331.567 1.41737
331.667 1.41739
331.767 1.41744
331.867 1.41749
331.967 1.41754
332.067 1.41759
332.167 1.41764
332.267 1.4177
332.367 1.41775
332.467 1.4178
332.567 1.41785
332.667 1.4179
332.767 1.41796
332.867 1.41804
332.967 1.41811
333.067 1.41818
333.167 1.41826
333.267 1.41833
333.367 1.41841
333.467 1.41848
333.567 1.41855
333.667 1.41863
333.767 1.41872
333.867 1.41882
333.967 1.41892
334.067 1.41901
334.167 1.41911
334.267 1.41921
334.367 1.4193
334.467 1.41939
334.567 1.41949
334.667 1.41958
334.767 1.41968
334.867 1.41979
334.967 1.4199
335.067 1.42
335.167 1.42011
335.267 1.42021
335.367 1.42032
335.467 1.42042
335.567 1.42052
335.667 1.42062
335.767 1.42072
335.867 1.42082
335.967 1.42092
336.067 1.42102
336.167 1.42112
336.267 1.42122
336.367 1.42131
336.467 1.42141
336.567 1.42151
336.667 1.4216
336.767 1.42168
336.867 1.42176
336.967 1.42183
337.067 1.42191
337.167 1.42199
337.267 1.42206
337.367 1.42214
337.467 1.42221
337.567 1.42227
337.667 1.42233
337.767 1.42234
337.867 1.42236
337.967 1.42238
338.067 1.4224
338.167 1.42243
338.267 1.42245
338.367 1.42247
338.467 1.42249
338.567 1.42251
338.667 1.42251
338.767 1.42247
338.867 1.42243
338.967 1.42238
339.067 1.42234
339.167 1.4223
339.267 1.42225
339.367 1.42221
339.467 1.42217
339.567 1.42212
339.667 1.42204
339.767 1.42192
339.867 1.42179
339.967 1.42166
340.067 1.42154
340.167 1.42141
340.267 1.42128
340.367 1.42116
340.467 1.42103
340.567 1.4209
340.667 1.42079
340.767 1.4207
340.867 1.42061
340.967 1.42051
341.067 1.42042
341.167 1.42033
341.267 1.42023
341.367 1.42014
341.467 1.42005
341.567 1.41993
341.667 1.41974
341.767 1.41946
341.867 1.41907
341.967 1.41868
342.067 1.41829
342.167 1.4179
342.267 1.41751
342.367 1.41712
342.467 1.41673
342.567 1.41634
342.667 1.41661
342.767 1.41715
342.867 1.41768
342.967 1.41821
343.067 1.41875
343.167 1.41928
343.267 1.41982
343.367 1.42033
343.467 1.42079
343.567 1.42124
343.667 1.41654
343.767 1.41079
343.867 1.40504
343.967 1.39829
344.067 1.39153
344.167 1.38477
344.267 1.37802
344.367 1.37126
344.467 1.3645
344.567 1.35774
344.667 1.34539
344.767 1.33282
344.867 1.32024
344.967 1.30767
345.067 1.29509
345.167 1.28251
345.267 1.27198
345.367 1.26232
345.467 1.25266
345.567 1.24345
345.667 1.23886
345.767 1.23428
345.867 1.2297
345.967 1.22554
346.067 1.22492
346.167 1.22429
346.267 1.22367
346.367 1.22305
346.467 1.22243
346.567 1.22218
346.667 1.22322
346.767 1.22426
346.867 1.22531
346.967 1.22635
347.067 1.2274
347.167 1.22852
347.267 1.22966
347.367 1.2308
347.467 1.23194
347.567 1.23293
347.667 1.23364
347.767 1.23435
347.867 1.23505
347.967 1.23576
348.067 1.23642
348.167 1.23703
348.267 1.23765
348.367 1.23826
348.467 1.23888
348.567 1.23908
348.667 1.23886
348.767 1.23864
348.867 1.23843
348.967 1.23821
349.067 1.23806
349.167 1.23792
349.267 1.23779
349.367 1.23766
349.467 1.23753
349.567 1.23725
349.667 1.23689
349.767 1.23652
349.867 1.23616
349.967 1.2358
350.067 1.23544
350.167 1.23508
350.267 1.23472
350.367 1.23437
350.467 1.23401
350.567 1.23372
350.667 1.23344
350.767 1.23316
350.867 1.23289
350.967 1.23261
351.067 1.23232
351.167 1.23203
351.267 1.23175
351.367 1.23146
351.467 1.23118
351.567 1.23096
351.667 1.23074
351.767 1.23053
351.867 1.23032
351.967 1.23011
352.067 1.2299
352.167 1.2297
352.267 1.22951
352.367 1.22931
352.467 1.22912
352.567 1.22899
352.667 1.22887
352.767 1.22874
352.867 1.22862
352.967 1.22849
353.067 1.22836
353.167 1.22822
353.267 1.22809
353.367 1.22796
353.467 1.22784
353.567 1.22778
353.667 1.22773
353.767 1.22768
353.867 1.22762
353.967 1.22757
354.067 1.22753
354.167 1.2275
354.267 1.22746
354.367 1.22743
354.467 1.22742
354.567 1.22746
354.667 1.2275
354.767 1.22753
354.867 1.22757
354.967 1.2276
355.067 1.22763
355.167 1.22766
355.267 1.22769
355.367 1.22772
355.467 1.22777
355.567 1.22786
355.667 1.22794
355.767 1.22802
355.867 1.2281
355.967 1.22819
356.067 1.22829
356.167 1.22839
356.267 1.22849
356.367 1.22858
356.467 1.2287
356.567 1.22882
356.667 1.22894
356.767 1.22906
356.867 1.22917
356.967 1.22929
357.067 1.22942
357.167 1.22954
357.267 1.22966
357.367 1.22978
357.467 1.2299
357.567 1.23003
357.667 1.23015
357.767 1.23027
357.867 1.2304
357.967 1.23053
358.067 1.23067
358.167 1.2308
358.267 1.23094
358.367 1.23107
358.467 1.23119
358.567 1.23131
358.667 1.23143
358.767 1.23154
358.867 1.23166
358.967 1.23178
359.067 1.2319
359.167 1.23202
359.267 1.23214
359.367 1.23226
359.467 1.23235
359.567 1.23245
359.667 1.23254
359.767 1.23264
359.867 1.23275
359.967 1.23285
360.067 1.23295
360.167 1.23305
360.267 1.23316
360.367 1.23325
360.467 1.23331
360.567 1.23338
360.667 1.23345
360.767 1.23352
360.867 1.23359
360.967 1.23366
361.067 1.23372
361.167 1.2338
361.267 1.23387
361.367 1.23392
361.467 1.23396
361.567 1.234
361.667 1.23404
361.767 1.23409
361.867 1.23413
361.967 1.23417
362.067 1.23422
362.167 1.23426
362.267 1.2343
362.367 1.23431
362.467 1.23432
362.567 1.23433
362.667 1.23433
362.767 1.23434
362.867 1.23435
362.967 1.23436
363.067 1.23437
363.167 1.23438
363.267 1.23438
363.367 1.23436
363.467 1.23434
363.567 1.23432
363.667 1.23431
363.767 1.23429
363.867 1.23427
363.967 1.23425
364.067 1.23424
364.167 1.23422
364.267 1.23419
364.367 1.23414
364.467 1.23409
364.567 1.23405
364.667 1.234
364.767 1.23396
364.867 1.23391
364.967 1.23386
365.067 1.23382
365.167 1.23377
365.267 1.23371
365.367 1.23364
365.467 1.23358
365.567 1.23351
365.667 1.23344
365.767 1.23338
365.867 1.23331
365.967 1.23324
366.067 1.23318
366.167 1.23311
366.267 1.23303
366.367 1.23294
366.467 1.23286
366.567 1.23277
366.667 1.23269
366.767 1.2326
366.867 1.23252
366.967 1.23244
367.067 1.23235
367.167 1.23227
367.267 1.23217
367.367 1.23207
367.467 1.23197
367.567 1.23188
367.667 1.23178
367.767 1.23169
367.867 1.23159
367.967 1.23149
368.067 1.2314
368.167 1.2313
368.267 1.23119
368.367 1.23109
368.467 1.23099
368.567 1.23088
368.667 1.23078
368.767 1.23068
368.867 1.23057
368.967 1.23047
369.067 1.23036
369.167 1.23026
369.267 1.23015
369.367 1.23005
369.467 1.22994
369.567 1.22983
369.667 1.22973
369.767 1.22962
369.867 1.22951
369.967 1.22941
370.067 1.2293
370.167 1.22919
370.267 1.22909
370.367 1.22898
370.467 1.22888
370.567 1.22877
370.667 1.22867
370.767 1.22856
370.867 1.22846
370.967 1.22835
371.067 1.22825
371.167 1.22814
371.267 1.22804
371.367 1.22794
371.467 1.22784
371.567 1.22774
371.667 1.22764
371.767 1.22754
371.867 1.22744
371.967 1.22734
372.067 1.22724
372.167 1.22713
372.267 1.22704
372.367 1.22695
372.467 1.22685
372.567 1.22676
372.667 1.22666
372.767 1.22657
372.867 1.22647
372.967 1.22638
373.067 1.22628
373.167 1.22619
373.267 1.2261
373.367 1.22601
373.467 1.22592
373.567 1.22584
373.667 1.22575
373.767 1.22566
373.867 1.22557
373.967 1.22548
374.067 1.2254
374.167 1.22531
374.267 1.22522
374.367 1.22513
374.467 1.22505
374.567 1.22498
374.667 1.2249
374.767 1.22483
374.867 1.22476
374.967 1.22469
375.067 1.22462
375.167 1.22455
375.267 1.22448
375.367 1.22441
375.467 1.22434
375.567 1.22427
375.667 1.22421
375.767 1.22415
375.867 1.22409
375.967 1.22403
376.067 1.22397
376.167 1.22391
376.267 1.22386
376.367 1.2238
376.467 1.22374
376.567 1.22368
376.667 1.22361
376.767 1.22355
376.867 1.22349
376.967 1.22342
377.067 1.22336
377.167 1.2233
377.267 1.22323
377.367 1.22317
377.467 1.22311
377.567 1.22304
377.667 1.22298
377.767 1.22292
377.867 1.22286
377.967 1.22279
378.067 1.22273
378.167 1.22267
378.267 1.22261
378.367 1.22255
378.467 1.2225
378.567 1.22244
378.667 1.22239
378.767 1.22234
378.867 1.22229
378.967 1.22224
379.067 1.22219
379.167 1.22213
379.267 1.22208
379.367 1.22203
379.467 1.22199
379.567 1.22194
379.667 1.2219
379.767 1.22186
379.867 1.22181
379.967 1.22177
380.067 1.22173
380.167 1.22169
380.267 1.22165
380.367 1.22161
380.467 1.22157
380.567 1.22153
380.667 1.22149
380.767 1.22145
380.867 1.22141
380.967 1.22137
381.067 1.22133
381.167 1.22129
381.267 1.22125
381.367 1.22121
381.467 1.22116
381.567 1.22112
381.667 1.22108
381.767 1.22105
381.867 1.22101
381.967 1.22097
382.067 1.22093
382.167 1.22089
382.267 1.22085
382.367 1.22081
382.467 1.22077
382.567 1.22073
382.667 1.2207
382.767 1.22066
382.867 1.22063
382.967 1.22059
383.067 1.22056
383.167 1.22052
383.267 1.22049
383.367 1.22045
383.467 1.22041
383.567 1.22038
383.667 1.22034
383.767 1.22031
383.867 1.22028
383.967 1.22025
384.067 1.22022
384.167 1.22018
384.267 1.22015
384.367 1.22012
384.467 1.22008
384.567 1.22005
384.667 1.22002
384.767 1.21999
384.867 1.21995
384.967 1.21992
385.067 1.21988
385.167 1.21985
385.267 1.21981
385.367 1.21978
385.467 1.21974
385.567 1.21971
385.667 1.21968
385.767 1.21963
385.867 1.21959
385.967 1.21955
386.067 1.21951
386.167 1.21946
386.267 1.21942
386.367 1.21938
386.467 1.21933
386.567 1.21929
386.667 1.21925
386.767 1.2192
386.867 1.21915
386.967 1.2191
387.067 1.21906
387.167 1.21901
387.267 1.21896
387.367 1.21892
387.467 1.21887
387.567 1.21882
387.667 1.21878
387.767 1.21873
387.867 1.21869
387.967 1.21864
388.067 1.2186
388.167 1.21855
388.267 1.21851
388.367 1.21846
388.467 1.21842
388.567 1.21837
388.667 1.21833
388.767 1.21829
388.867 1.21825
388.967 1.2182
389.067 1.21816
389.167 1.21812
389.267 1.21808
389.367 1.21803
389.467 1.21799
389.567 1.21795
389.667 1.21791
389.767 1.21786
389.867 1.21782
389.967 1.21778
390.067 1.21773
390.167 1.21768
390.267 1.21763
390.367 1.21758
390.467 1.21753
390.567 1.21748
390.667 1.21743
390.767 1.21738
390.867 1.21733
390.967 1.21728
391.067 1.21723
391.167 1.21718
391.267 1.21713
391.367 1.21707
391.467 1.21702
391.567 1.21696
391.667 1.21691
391.767 1.21686
391.867 1.2168
391.967 1.21675
392.067 1.21669
392.167 1.21664
392.267 1.21658
392.367 1.21653
392.467 1.21647
392.567 1.21642
392.667 1.21636
392.767 1.21631
392.867 1.21625
392.967 1.21619
393.067 1.21613
393.167 1.21607
393.267 1.21601
393.367 1.21596
393.467 1.2159
393.567 1.21584
393.667 1.21578
393.767 1.21572
393.867 1.21566
393.967 1.2156
394.067 1.21553
394.167 1.21546
394.267 1.21539
394.367 1.21532
394.467 1.21525
394.567 1.21518
394.667 1.21511
394.767 1.21504
394.867 1.21497
394.967 1.2149
395.067 1.21483
395.167 1.21476
395.267 1.21469
395.367 1.21462
395.467 1.21455
395.567 1.21448
395.667 1.2144
395.767 1.21433
395.867 1.21426
395.967 1.21419
396.067 1.21411
396.167 1.21404
396.267 1.21397
396.367 1.2139
396.467 1.21383
396.567 1.21377
396.667 1.2137
396.767 1.21364
396.867 1.21357
396.967 1.21351
397.067 1.21345
397.167 1.21338
397.267 1.21332
397.367 1.21325
397.467 1.21319
397.567 1.21312
397.667 1.21306
397.767 1.21299
397.867 1.21292
397.967 1.21285
398.067 1.21279
398.167 1.21272
398.267 1.21265
398.367 1.21258
398.467 1.21251
398.567 1.21245
398.667 1.21238
398.767 1.21231
398.867 1.21224
398.967 1.21217
399.067 1.2121
399.167 1.21203
399.267 1.21196
399.367 1.21189
399.467 1.21181
399.567 1.21174
399.667 1.21167
399.767 1.2116
399.867 1.21152
399.967 1.21145
400.067 1.21137
400.167 1.2113
400.267 1.21122
400.367 1.21115
400.467 1.21107
400.567 1.211
400.667 1.21093
400.767 1.21085
400.867 1.21078
400.967 1.2107
401.067 1.21063
401.167 1.21056
401.267 1.2105
401.367 1.21043
401.467 1.21036
401.567 1.2103
401.667 1.21023
401.767 1.21017
401.867 1.2101
401.967 1.21004
402.067 1.20997
402.167 1.20991
402.267 1.20984
402.367 1.20978
402.467 1.20972
402.567 1.20966
402.667 1.2096
402.767 1.20953
402.867 1.20947
402.967 1.20941
403.067 1.20935
403.167 1.20928
403.267 1.20922
403.367 1.20915
403.467 1.20908
403.567 1.20901
403.667 1.20895
403.767 1.20888
403.867 1.20881
403.967 1.20874
404.067 1.20868
404.167 1.20861
404.267 1.20854
404.367 1.20848
404.467 1.20841
404.567 1.20834
404.667 1.20828
404.767 1.20821
404.867 1.20814
404.967 1.20808
405.067 1.20801
405.167 1.20794
405.267 1.20787
405.367 1.20781
405.467 1.20774
405.567 1.20768
405.667 1.20762
405.767 1.20756
405.867 1.20749
405.967 1.20743
406.067 1.20737
406.167 1.2073
406.267 1.20724
406.367 1.20718
406.467 1.20711
406.567 1.20705
406.667 1.20699
406.767 1.20694
406.867 1.20688
406.967 1.20682
407.067 1.20676
407.167 1.2067
407.267 1.20664
407.367 1.20658
407.467 1.20653
407.567 1.20647
407.667 1.20641
407.767 1.20635
407.867 1.2063
407.967 1.20624
408.067 1.20619
408.167 1.20613
408.267 1.20608
408.367 1.20602
408.467 1.20597
408.567 1.20591
408.667 1.20586
408.767 1.2058
408.867 1.20575
408.967 1.2057
409.067 1.20565
409.167 1.20559
409.267 1.20554
409.367 1.20549
409.467 1.20544
409.567 1.20539
409.667 1.20533
409.767 1.20528
409.867 1.20523
409.967 1.20518
410.067 1.20513
410.167 1.20508
410.267 1.20503
410.367 1.20498
410.467 1.20493
410.567 1.20488
410.667 1.20483
410.767 1.20478
410.867 1.20473
410.967 1.20468
411.067 1.20463
411.167 1.20458
411.267 1.20454
411.367 1.20449
411.467 1.20445
411.567 1.2044
411.667 1.20436
411.767 1.20431
411.867 1.20427
411.967 1.20423
412.067 1.20418
412.167 1.20414
412.267 1.2041
412.367 1.20405
412.467 1.20401
412.567 1.20397
412.667 1.20393
412.767 1.20389
412.867 1.20385
412.967 1.20381
413.067 1.20378
413.167 1.20374
413.267 1.2037
413.367 1.20366
413.467 1.20362
413.567 1.20358
413.667 1.20355
413.767 1.20351
413.867 1.20347
413.967 1.20344
414.067 1.2034
414.167 1.20336
414.267 1.20333
414.367 1.20329
414.467 1.20325
414.567 1.20321
414.667 1.20317
414.767 1.20314
414.867 1.2031
414.967 1.20306
415.067 1.20302
415.167 1.20298
415.267 1.20294
415.367 1.2029
415.467 1.20286
415.567 1.20282
415.667 1.20279
415.767 1.20275
415.867 1.20271
415.967 1.20267
416.067 1.20263
416.167 1.20259
416.267 1.20256
416.367 1.20252
416.467 1.20249
416.567 1.20245
416.667 1.20242
416.767 1.20238
416.867 1.20234
416.967 1.20231
417.067 1.20227
417.167 1.20224
417.267 1.2022
417.367 1.20217
417.467 1.20213
417.567 1.2021
417.667 1.20206
417.767 1.20203
417.867 1.20199
417.967 1.20196
418.067 1.20193
418.167 1.20189
418.267 1.20186
418.367 1.20183
418.467 1.2018
418.567 1.20177
418.667 1.20174
418.767 1.20171
418.867 1.20168
418.967 1.20165
419.067 1.20162
419.167 1.20158
419.267 1.20155
419.367 1.20152
419.467 1.20149
419.567 1.20146
419.667 1.20142
419.767 1.20138
419.867 1.20135
419.967 1.20131
420.067 1.20128
420.167 1.20124
420.267 1.2012
420.367 1.20117
420.467 1.20113
420.567 1.2011
420.667 1.20106
420.767 1.20102
420.867 1.20098
420.967 1.20095
421.067 1.20091
421.167 1.20087
421.267 1.20083
421.367 1.2008
421.467 1.20076
421.567 1.20072
421.667 1.20068
421.767 1.20065
421.867 1.20061
421.967 1.20057
422.067 1.20053
422.167 1.2005
422.267 1.20046
422.367 1.20042
422.467 1.20038
422.567 1.20034
422.667 1.2003
422.767 1.20027
422.867 1.20023
422.967 1.20019
423.067 1.20015
423.167 1.20011
423.267 1.20007
423.367 1.20003
423.467 1.19999
423.567 1.19995
423.667 1.19992
423.767 1.19988
423.867 1.19984
423.967 1.1998
424.067 1.19976
424.167 1.19972
424.267 1.19968
424.367 1.19964
424.467 1.1996
424.567 1.19956
424.667 1.19952
424.767 1.19948
424.867 1.19944
424.967 1.1994
425.067 1.19936
425.167 1.19932
425.267 1.19928
425.367 1.19924
425.467 1.1992
425.567 1.19915
425.667 1.19911
425.767 1.19907
425.867 1.19903
425.967 1.19899
426.067 1.19895
426.167 1.19891
426.267 1.19887
426.367 1.19882
426.467 1.19878
426.567 1.19874
426.667 1.1987
426.767 1.19866
426.867 1.19861
426.967 1.19857
427.067 1.19853
427.167 1.19849
427.267 1.19844
427.367 1.1984
427.467 1.19836
427.567 1.19832
427.667 1.19827
427.767 1.19823
427.867 1.19819
427.967 1.19814
428.067 1.1981
428.167 1.19806
428.267 1.19801
428.367 1.19797
428.467 1.19793
428.567 1.19788
428.667 1.19784
428.767 1.19779
428.867 1.19775
428.967 1.19771
429.067 1.19766
429.167 1.19762
429.267 1.19757
429.367 1.19753
429.467 1.19748
429.567 1.19744
429.667 1.1974
429.767 1.19735
429.867 1.19731
429.967 1.19726
430.067 1.19722
430.167 1.19717
430.267 1.19713
430.367 1.19708
430.467 1.19704
430.567 1.19699
430.667 1.19695
430.767 1.1969
430.867 1.19686
430.967 1.19681
431.067 1.19676
431.167 1.19672
431.267 1.19667
431.367 1.19663
431.467 1.19658
431.567 1.19654
431.667 1.19649
431.767 1.19645
431.867 1.1964
431.967 1.19635
432.067 1.19631
432.167 1.19626
432.267 1.19621
432.367 1.19617
432.467 1.19612
432.567 1.19608
432.667 1.19603
432.767 1.19598
432.867 1.19594
432.967 1.19589
433.067 1.19585
433.167 1.1958
433.267 1.19575
433.367 1.19571
433.467 1.19566
433.567 1.19562
433.667 1.19557
433.767 1.19552
433.867 1.19548
433.967 1.19543
434.067 1.19539
434.167 1.19534
434.267 1.19529
434.367 1.19524
434.467 1.19519
434.567 1.19515
434.667 1.1951
434.767 1.19505
434.867 1.195
434.967 1.19495
435.067 1.19491
435.167 1.19486
435.267 1.19481
435.367 1.19476
435.467 1.19471
435.567 1.19466
435.667 1.19462
435.767 1.19457
435.867 1.19452
435.967 1.19447
436.067 1.19442
436.167 1.19437
436.267 1.19433
436.367 1.19428
436.467 1.19423
436.567 1.19418
436.667 1.19414
436.767 1.19409
436.867 1.19404
436.967 1.19399
437.067 1.19395
437.167 1.1939
437.267 1.19385
