#########################################################################
:FileType xy  ASCII  EnSim 1.0
# Canadian Hydraulics Centre/National Research Council (c) 1998-2012
# DataType                 XY DataObject
#
:Application              BlueKenue
:Version                  3.3.4
:WrittenBy                sebastian
:CreationDate             Sun, Jul 30, 2023 12:29 PM
#
#------------------------------------------------------------------------
#
:AttributeName  1 
:AttributeUnits 1 m
:AttributeName  2 
:AttributeUnits 2 M
:EndHeader
0 1.90304
0.0999994 1.90296
0.199999 1.90289
0.299998 1.90281
0.399998 1.90274
0.499997 1.90262
0.599997 1.90249
0.699996 1.90236
0.799996 1.90223
0.899995 1.90209
0.999994 1.90196
1.09999 1.9018
1.19999 1.90159
1.29999 1.90139
1.39999 1.90119
1.49999 1.90098
1.59999 1.90078
1.69999 1.90057
1.79999 1.90034
1.89999 1.90011
1.99999 1.89987
2.09999 1.89964
2.19999 1.89941
2.29999 1.89918
2.39999 1.89894
2.49999 1.8987
2.59999 1.89846
2.69998 1.89822
2.79998 1.89799
2.89998 1.89775
2.99998 1.89751
3.09998 1.89728
3.19998 1.89704
3.29998 1.89681
3.39998 1.89657
3.49998 1.89634
3.59998 1.8961
3.69998 1.89588
3.79998 1.89565
3.89998 1.89542
3.99998 1.89519
4.09998 1.89496
4.19998 1.89474
4.29998 1.89451
4.39998 1.89429
4.49997 1.89406
4.59997 1.89384
4.69997 1.89361
4.79997 1.89339
4.89997 1.89317
4.99997 1.89294
5.09997 1.89272
5.19997 1.8925
5.29997 1.89228
5.39997 1.89206
5.49997 1.89184
5.59997 1.89162
5.69997 1.8914
5.79997 1.89118
5.89997 1.89096
5.99997 1.89074
6.09997 1.89052
6.19997 1.89029
6.29996 1.89007
6.39996 1.88985
6.49996 1.88963
6.59996 1.88941
6.69996 1.88919
6.79996 1.88897
6.89996 1.88875
6.99996 1.88852
7.09996 1.8883
7.19996 1.88808
7.29996 1.88786
7.39996 1.88764
7.49996 1.88742
7.59996 1.8872
7.69996 1.88698
7.79996 1.88675
7.89996 1.88653
7.99996 1.88631
8.09995 1.88609
8.19995 1.88587
8.29995 1.88565
8.39995 1.88543
8.49995 1.8852
8.59995 1.88498
8.69995 1.88476
8.79995 1.88454
8.89995 1.88432
8.99995 1.88409
9.09995 1.88387
9.19995 1.88365
9.29995 1.88343
9.39995 1.88321
9.49995 1.88298
9.59995 1.88276
9.69995 1.88254
9.79995 1.88232
9.89994 1.88209
9.99994 1.88187
10.0999 1.88165
10.1999 1.88143
10.2999 1.8812
10.3999 1.88098
10.4999 1.88076
10.5999 1.88054
10.6999 1.88031
10.7999 1.88009
10.8999 1.87987
10.9999 1.87965
11.0999 1.87942
11.1999 1.8792
11.2999 1.87898
11.3999 1.87876
11.4999 1.87853
11.5999 1.87831
11.6999 1.87809
11.7999 1.87786
11.8999 1.87764
11.9999 1.87742
12.0999 1.8772
12.1999 1.87697
12.2999 1.87675
12.3999 1.87653
12.4999 1.8763
12.5999 1.87608
12.6999 1.87586
12.7999 1.87563
12.8999 1.87541
12.9999 1.87519
13.0999 1.87496
13.1999 1.87474
13.2999 1.87452
13.3999 1.87429
13.4999 1.87407
13.5999 1.87385
13.6999 1.87362
13.7999 1.8734
13.8999 1.87318
13.9999 1.87295
14.0999 1.87273
14.1999 1.87251
14.2999 1.87228
14.3999 1.87206
14.4999 1.87184
14.5999 1.87161
14.6999 1.87139
14.7999 1.87117
14.8999 1.87094
14.9999 1.87072
15.0999 1.8705
15.1999 1.87027
15.2999 1.87005
15.3999 1.86983
15.4999 1.8696
15.5999 1.86938
15.6999 1.86915
15.7999 1.86893
15.8999 1.86871
15.9999 1.86848
16.0999 1.86826
16.1999 1.86803
16.2999 1.86781
16.3999 1.86759
16.4999 1.86736
16.5999 1.86714
16.6999 1.86691
16.7999 1.86669
16.8999 1.86647
16.9999 1.86624
17.0999 1.86602
17.1999 1.86579
17.2999 1.86557
17.3999 1.86535
17.4999 1.86512
17.5999 1.8649
17.6999 1.86467
17.7999 1.86445
17.8999 1.86422
17.9999 1.864
18.0999 1.86378
18.1999 1.86355
18.2999 1.86333
18.3999 1.8631
18.4999 1.86288
18.5999 1.86265
18.6999 1.86243
18.7999 1.8622
18.8999 1.86198
18.9999 1.86175
19.0999 1.86153
19.1999 1.86131
19.2999 1.86108
19.3999 1.86086
19.4999 1.86063
19.5999 1.86041
19.6999 1.86018
19.7999 1.85996
19.8999 1.85973
19.9999 1.85951
20.0999 1.85928
20.1999 1.85906
20.2999 1.85883
20.3999 1.85861
20.4999 1.85838
20.5999 1.85816
20.6999 1.85793
20.7999 1.85771
20.8999 1.85748
20.9999 1.85726
21.0999 1.85703
21.1999 1.85681
21.2999 1.85658
21.3999 1.85636
21.4999 1.85613
21.5999 1.85591
21.6999 1.85568
21.7999 1.85545
21.8999 1.85523
21.9999 1.855
22.0999 1.85478
22.1999 1.85455
22.2999 1.85433
22.3999 1.8541
22.4999 1.85388
22.5999 1.85365
22.6999 1.85342
22.7999 1.8532
22.8999 1.85297
22.9999 1.85275
23.0999 1.85252
23.1999 1.8523
23.2999 1.85207
23.3999 1.85184
23.4999 1.85162
23.5999 1.85139
23.6999 1.85117
23.7999 1.85094
23.8999 1.85071
23.9999 1.85049
24.0999 1.85026
24.1999 1.85004
24.2999 1.84981
24.3999 1.84958
24.4999 1.84936
24.5999 1.84913
24.6999 1.84891
24.7999 1.84868
24.8999 1.84845
24.9999 1.84823
25.0999 1.848
25.1999 1.84777
25.2999 1.84755
25.3999 1.84732
25.4999 1.84709
25.5999 1.84687
25.6999 1.84664
25.7999 1.84641
25.8999 1.84619
25.9999 1.84596
26.0999 1.84573
26.1999 1.84551
26.2999 1.84528
26.3999 1.84506
26.4999 1.84483
26.5999 1.8446
26.6999 1.84438
26.7999 1.84415
26.8999 1.84392
26.9998 1.84369
27.0998 1.84347
27.1998 1.84324
27.2998 1.84301
27.3998 1.84279
27.4998 1.84256
27.5998 1.84233
27.6998 1.84211
27.7998 1.84188
27.8998 1.84165
27.9998 1.84142
28.0998 1.8412
28.1998 1.84097
28.2998 1.84074
28.3998 1.84052
28.4998 1.84029
28.5998 1.84006
28.6998 1.83983
28.7998 1.83961
28.8998 1.83938
28.9998 1.83915
29.0998 1.83892
29.1998 1.8387
29.2998 1.83847
29.3998 1.83824
29.4998 1.83801
29.5998 1.83779
29.6998 1.83756
29.7998 1.83733
29.8998 1.8371
29.9998 1.83687
30.0998 1.83665
30.1998 1.83642
30.2998 1.83619
30.3998 1.83596
30.4998 1.83574
30.5998 1.83551
30.6998 1.83528
30.7998 1.83505
30.8998 1.83482
30.9998 1.8346
31.0998 1.83437
31.1998 1.83414
31.2998 1.83391
31.3998 1.83368
31.4998 1.83345
31.5998 1.83323
31.6998 1.833
31.7998 1.83277
31.8998 1.83254
31.9998 1.83231
32.0998 1.83208
32.1998 1.83186
32.2998 1.83163
32.3998 1.8314
32.4998 1.83117
32.5998 1.83094
32.6998 1.83071
32.7998 1.83048
32.8998 1.83026
32.9998 1.83003
33.0998 1.8298
33.1998 1.82957
33.2998 1.82934
33.3998 1.82911
33.4998 1.82888
33.5998 1.82865
33.6998 1.82843
33.7998 1.8282
33.8998 1.82797
33.9998 1.82774
34.0998 1.82751
34.1998 1.82728
34.2998 1.82705
34.3998 1.82682
34.4998 1.82659
34.5998 1.82636
34.6998 1.82613
34.7998 1.8259
34.8998 1.82568
34.9998 1.82545
35.0998 1.82522
35.1998 1.82499
35.2998 1.82476
35.3998 1.82453
35.4998 1.8243
35.5998 1.82407
35.6998 1.82384
35.7998 1.82361
35.8998 1.82338
35.9998 1.82315
36.0998 1.82292
36.1998 1.82269
36.2998 1.82246
36.3998 1.82223
36.4998 1.822
36.5998 1.82177
36.6998 1.82154
36.7998 1.82131
36.8998 1.82108
36.9998 1.82085
37.0998 1.82062
37.1998 1.82039
37.2998 1.82016
37.3998 1.81993
37.4998 1.8197
37.5998 1.81947
37.6998 1.81924
37.7998 1.81901
37.8998 1.81878
37.9998 1.81855
38.0998 1.81832
38.1998 1.81809
38.2998 1.81786
38.3998 1.81763
38.4998 1.8174
38.5998 1.81717
38.6998 1.81694
38.7998 1.81671
38.8998 1.81648
38.9998 1.81625
39.0998 1.81602
39.1998 1.81579
39.2998 1.81555
39.3998 1.81532
39.4998 1.81509
39.5998 1.81486
39.6998 1.81463
39.7998 1.8144
39.8998 1.81417
39.9998 1.81394
40.0998 1.81371
40.1998 1.81348
40.2998 1.81324
40.3998 1.81301
40.4998 1.81278
40.5998 1.81255
40.6998 1.81232
40.7998 1.81209
40.8998 1.81186
40.9998 1.81163
41.0998 1.81139
41.1998 1.81116
41.2998 1.81093
41.3998 1.8107
41.4998 1.81047
41.5998 1.81024
41.6998 1.81001
41.7998 1.80977
41.8998 1.80954
41.9998 1.80931
42.0998 1.80908
42.1998 1.80885
42.2998 1.80862
42.3998 1.80838
42.4998 1.80815
42.5998 1.80792
42.6998 1.80769
42.7998 1.80746
42.8998 1.80722
42.9998 1.80699
43.0998 1.80676
43.1998 1.80653
43.2998 1.8063
43.3998 1.80606
43.4998 1.80583
43.5998 1.8056
43.6998 1.80537
43.7998 1.80513
43.8998 1.8049
43.9998 1.80467
44.0998 1.80444
44.1998 1.8042
44.2998 1.80397
44.3998 1.80374
44.4998 1.80351
44.5998 1.80327
44.6998 1.80304
44.7998 1.80281
44.8998 1.80258
44.9998 1.80234
45.0997 1.80211
45.1997 1.80188
45.2997 1.80165
45.3997 1.80141
45.4997 1.80118
45.5997 1.80095
45.6997 1.80071
45.7997 1.80048
45.8997 1.80025
45.9997 1.80001
46.0997 1.79978
46.1997 1.79955
46.2997 1.79931
46.3997 1.79908
46.4997 1.79885
46.5997 1.79861
46.6997 1.79838
46.7997 1.79815
46.8997 1.79791
46.9997 1.79768
47.0997 1.79745
47.1997 1.79721
47.2997 1.79698
47.3997 1.79675
47.4997 1.79651
47.5997 1.79628
47.6997 1.79604
47.7997 1.79581
47.8997 1.79558
47.9997 1.79534
48.0997 1.79511
48.1997 1.79487
48.2997 1.79464
48.3997 1.79441
48.4997 1.79417
48.5997 1.79394
48.6997 1.7937
48.7997 1.79347
48.8997 1.79324
48.9997 1.793
49.0997 1.79277
49.1997 1.79253
49.2997 1.7923
49.3997 1.79206
49.4997 1.79183
49.5997 1.7916
49.6997 1.79136
49.7997 1.79113
49.8997 1.79089
49.9997 1.79066
50.0997 1.79042
50.1997 1.79019
50.2997 1.78995
50.3997 1.78972
50.4997 1.78948
50.5997 1.78925
50.6997 1.78901
50.7997 1.78878
50.8997 1.78854
50.9997 1.78831
51.0997 1.78807
51.1997 1.78784
51.2997 1.7876
51.3997 1.78737
51.4997 1.78713
51.5997 1.7869
51.6997 1.78666
51.7997 1.78643
51.8997 1.78619
51.9997 1.78595
52.0997 1.78572
52.1997 1.78548
52.2997 1.78525
52.3997 1.78501
52.4997 1.78478
52.5997 1.78454
52.6997 1.7843
52.7997 1.78407
52.8997 1.78383
52.9997 1.7836
53.0997 1.78336
53.1997 1.78312
53.2997 1.78289
53.3997 1.78265
53.4997 1.78242
53.5997 1.78218
53.6997 1.78194
53.7997 1.78171
53.8997 1.78147
53.9997 1.78124
54.0997 1.781
54.1997 1.78076
54.2997 1.78053
54.3997 1.78029
54.4997 1.78005
54.5997 1.77982
54.6997 1.77958
54.7997 1.77934
54.8997 1.77911
54.9997 1.77887
55.0997 1.77863
55.1997 1.7784
55.2997 1.77816
55.3997 1.77792
55.4997 1.77769
55.5997 1.77745
55.6997 1.77721
55.7997 1.77697
55.8997 1.77674
55.9997 1.7765
56.0997 1.77626
56.1997 1.77603
56.2997 1.77579
56.3997 1.77555
56.4997 1.77531
56.5997 1.77508
56.6997 1.77484
56.7997 1.7746
56.8997 1.77436
56.9997 1.77413
57.0997 1.77389
57.1997 1.77365
57.2997 1.77341
57.3997 1.77318
57.4997 1.77294
57.5997 1.7727
57.6997 1.77246
57.7997 1.77222
57.8997 1.77199
57.9997 1.77175
58.0997 1.77151
58.1997 1.77127
58.2997 1.77103
58.3997 1.7708
58.4997 1.77056
58.5997 1.77032
58.6997 1.77008
58.7997 1.76984
58.8997 1.7696
58.9997 1.76936
59.0997 1.76913
59.1997 1.76889
59.2997 1.76865
59.3997 1.76841
59.4997 1.76817
59.5997 1.76793
59.6997 1.76769
59.7997 1.76745
59.8997 1.76722
59.9997 1.76698
60.0997 1.76674
60.1997 1.7665
60.2997 1.76626
60.3997 1.76602
60.4997 1.76578
60.5997 1.76554
60.6997 1.7653
60.7997 1.76506
60.8997 1.76482
60.9997 1.76459
61.0997 1.76435
61.1997 1.76411
61.2997 1.76387
61.3997 1.76363
61.4997 1.76339
61.5997 1.76315
61.6997 1.76291
61.7997 1.76267
61.8997 1.76243
61.9997 1.76219
62.0997 1.76195
62.1997 1.76171
62.2997 1.76147
62.3997 1.76123
62.4997 1.76099
62.5997 1.76075
62.6997 1.76051
62.7997 1.76027
62.8997 1.76003
62.9996 1.75979
63.0996 1.75955
63.1996 1.75931
63.2996 1.75907
63.3996 1.75883
63.4996 1.75859
63.5996 1.75835
63.6996 1.7581
63.7996 1.75786
63.8996 1.75762
63.9996 1.75738
64.0996 1.75714
64.1996 1.7569
64.2996 1.75666
64.3996 1.75642
64.4996 1.75618
64.5996 1.75594
64.6996 1.75569
64.7996 1.75545
64.8996 1.75521
64.9996 1.75497
65.0996 1.75473
65.1996 1.75449
65.2996 1.75425
65.3996 1.75401
65.4996 1.75376
65.5996 1.75352
65.6996 1.75328
65.7996 1.75304
65.8996 1.7528
65.9996 1.75256
66.0996 1.75231
66.1996 1.75207
66.2996 1.75183
66.3996 1.75159
66.4996 1.75135
66.5996 1.7511
66.6996 1.75086
66.7996 1.75062
66.8996 1.75038
66.9996 1.75013
67.0996 1.74989
67.1996 1.74965
67.2996 1.74941
67.3996 1.74916
67.4996 1.74892
67.5996 1.74868
67.6996 1.74844
67.7996 1.74819
67.8996 1.74795
67.9996 1.74771
68.0996 1.74747
68.1996 1.74722
68.2996 1.74698
68.3996 1.74674
68.4996 1.74649
68.5996 1.74625
68.6996 1.74601
68.7996 1.74576
68.8996 1.74552
68.9996 1.74528
69.0996 1.74503
69.1996 1.74479
69.2996 1.74455
69.3996 1.7443
69.4996 1.74406
69.5996 1.74382
69.6996 1.74357
69.7996 1.74333
69.8996 1.74308
69.9996 1.74284
70.0996 1.7426
70.1996 1.74235
70.2996 1.74211
70.3996 1.74187
70.4996 1.74162
70.5996 1.74138
70.6996 1.74113
70.7996 1.74089
70.8996 1.74064
70.9996 1.7404
71.0996 1.74016
71.1996 1.73991
71.2996 1.73967
71.3996 1.73942
71.4996 1.73918
71.5996 1.73893
71.6996 1.73869
71.7996 1.73844
71.8996 1.7382
71.9996 1.73795
72.0996 1.73771
72.1996 1.73746
72.2996 1.73722
72.3996 1.73697
72.4996 1.73673
72.5996 1.73648
72.6996 1.73624
72.7996 1.73599
72.8996 1.73575
72.9996 1.7355
73.0996 1.73526
73.1996 1.73501
73.2996 1.73476
73.3996 1.73452
73.4996 1.73427
73.5996 1.73403
73.6996 1.73378
73.7996 1.73353
73.8996 1.73329
73.9996 1.73304
74.0996 1.7328
74.1996 1.73255
74.2996 1.73231
74.3996 1.73206
74.4996 1.73181
74.5996 1.73157
74.6996 1.73132
74.7996 1.73107
74.8996 1.73083
74.9996 1.73058
75.0996 1.73033
75.1996 1.73009
75.2996 1.72984
75.3996 1.72959
75.4996 1.72935
75.5996 1.7291
75.6996 1.72885
75.7996 1.72861
75.8996 1.72836
75.9996 1.72811
76.0996 1.72786
76.1996 1.72762
76.2996 1.72737
76.3996 1.72712
76.4996 1.72687
76.5996 1.72663
76.6996 1.72638
76.7996 1.72613
76.8996 1.72588
76.9996 1.72564
77.0996 1.72539
77.1996 1.72514
77.2996 1.72489
77.3996 1.72464
77.4996 1.7244
77.5996 1.72415
77.6996 1.7239
77.7996 1.72365
77.8996 1.7234
77.9996 1.72316
78.0996 1.72291
78.1996 1.72266
78.2996 1.72241
78.3996 1.72216
78.4996 1.72191
78.5996 1.72166
78.6996 1.72142
78.7996 1.72117
78.8996 1.72092
78.9996 1.72067
79.0996 1.72042
79.1996 1.72017
79.2996 1.71992
79.3996 1.71967
79.4996 1.71942
79.5996 1.71918
79.6996 1.71893
79.7996 1.71868
79.8996 1.71843
79.9996 1.71818
80.0996 1.71793
80.1996 1.71768
80.2996 1.71743
80.3996 1.71718
80.4996 1.71693
80.5996 1.71668
80.6996 1.71643
80.7996 1.71618
80.8996 1.71593
80.9996 1.71568
81.0995 1.71543
81.1995 1.71518
81.2995 1.71493
81.3995 1.71468
81.4995 1.71443
81.5995 1.71417
81.6995 1.71392
81.7995 1.71367
81.8995 1.71342
81.9995 1.71317
82.0995 1.71292
82.1995 1.71267
82.2995 1.71242
82.3995 1.71217
82.4995 1.71192
82.5995 1.71167
82.6995 1.71141
82.7995 1.71116
82.8995 1.71091
82.9995 1.71066
83.0995 1.71041
83.1995 1.71016
83.2995 1.70991
83.3995 1.70965
83.4995 1.7094
83.5995 1.70915
83.6995 1.7089
83.7995 1.70865
83.8995 1.7084
83.9995 1.70814
84.0995 1.70789
84.1995 1.70764
84.2995 1.70739
84.3995 1.70713
84.4995 1.70688
84.5995 1.70663
84.6995 1.70638
84.7995 1.70612
84.8995 1.70587
84.9995 1.70562
85.0995 1.70537
85.1995 1.70511
85.2995 1.70486
85.3995 1.70461
85.4995 1.70435
85.5995 1.7041
85.6995 1.70385
85.7995 1.70359
85.8995 1.70334
85.9995 1.70309
86.0995 1.70283
86.1995 1.70258
86.2995 1.70233
86.3995 1.70207
86.4995 1.70182
86.5995 1.70157
86.6995 1.70131
86.7995 1.70106
86.8995 1.7008
86.9995 1.70055
87.0995 1.70029
87.1995 1.70004
87.2995 1.69979
87.3995 1.69953
87.4995 1.69928
87.5995 1.69902
87.6995 1.69877
87.7995 1.69851
87.8995 1.69826
87.9995 1.698
88.0995 1.69775
88.1995 1.69749
88.2995 1.69724
88.3995 1.69698
88.4995 1.69673
88.5995 1.69647
88.6995 1.69622
88.7995 1.69596
88.8995 1.69571
88.9995 1.69545
89.0995 1.6952
89.1995 1.69494
89.2995 1.69468
89.3995 1.69443
89.4995 1.69417
89.5995 1.69392
89.6995 1.69366
89.7995 1.6934
89.8995 1.69315
89.9995 1.69289
90.0995 1.69264
90.1995 1.69238
90.2995 1.69213
90.3995 1.69187
90.4995 1.69161
90.5995 1.69135
90.6995 1.6911
90.7995 1.69084
90.8995 1.69058
90.9995 1.69033
91.0995 1.69007
91.1995 1.68981
91.2995 1.68956
91.3995 1.6893
91.4995 1.68904
91.5995 1.68878
91.6995 1.68853
91.7995 1.68827
91.8995 1.68801
91.9995 1.68775
92.0995 1.6875
92.1995 1.68724
92.2995 1.68698
92.3995 1.68672
92.4995 1.68646
92.5995 1.68621
92.6995 1.68595
92.7995 1.68569
92.8995 1.68543
92.9995 1.68517
93.0995 1.68491
93.1995 1.68465
93.2995 1.6844
93.3995 1.68414
93.4995 1.68388
93.5995 1.68362
93.6995 1.68336
93.7995 1.6831
93.8995 1.68284
93.9995 1.68258
94.0995 1.68232
94.1995 1.68206
94.2995 1.6818
94.3995 1.68154
94.4995 1.68128
94.5995 1.68102
94.6995 1.68077
94.7995 1.68051
94.8995 1.68025
94.9995 1.67998
95.0995 1.67972
95.1995 1.67946
95.2995 1.6792
95.3995 1.67894
95.4995 1.67868
95.5995 1.67842
95.6995 1.67816
95.7995 1.6779
95.8995 1.67764
95.9995 1.67738
96.0995 1.67712
96.1995 1.67686
96.2995 1.6766
96.3995 1.67634
96.4995 1.67608
96.5995 1.67581
96.6995 1.67555
96.7995 1.67529
96.8995 1.67503
96.9995 1.67477
97.0995 1.67451
97.1995 1.67424
97.2995 1.67398
97.3995 1.67372
97.4995 1.67346
97.5995 1.6732
97.6995 1.67293
97.7995 1.67267
97.8995 1.67241
97.9995 1.67215
98.0995 1.67189
98.1995 1.67162
98.2995 1.67136
98.3995 1.6711
98.4995 1.67083
98.5995 1.67057
98.6995 1.67031
98.7995 1.67004
98.8995 1.66978
98.9995 1.66952
99.0994 1.66925
99.1994 1.66899
99.2994 1.66873
99.3994 1.66846
99.4994 1.6682
99.5994 1.66794
99.6994 1.66767
99.7994 1.66741
99.8994 1.66714
99.9994 1.66688
100.099 1.66662
100.199 1.66635
100.299 1.66609
100.399 1.66582
100.499 1.66556
100.599 1.66529
100.699 1.66503
100.799 1.66476
100.899 1.6645
100.999 1.66423
101.099 1.66397
101.199 1.6637
101.299 1.66344
101.399 1.66317
101.499 1.66291
101.599 1.66264
101.699 1.66237
101.799 1.66211
101.899 1.66184
101.999 1.66158
102.099 1.66131
102.199 1.66104
102.299 1.66078
102.399 1.66051
102.499 1.66025
102.599 1.65998
102.699 1.65971
102.799 1.65945
102.899 1.65918
102.999 1.65891
103.099 1.65864
103.199 1.65838
103.299 1.65811
103.399 1.65784
103.499 1.65758
103.599 1.65731
103.699 1.65704
103.799 1.65677
103.899 1.65651
103.999 1.65624
104.099 1.65597
104.199 1.6557
104.299 1.65543
104.399 1.65516
104.499 1.6549
104.599 1.65463
104.699 1.65436
104.799 1.65409
104.899 1.65382
104.999 1.65355
105.099 1.65329
105.199 1.65302
105.299 1.65275
105.399 1.65248
105.499 1.65221
105.599 1.65194
105.699 1.65167
105.799 1.6514
105.899 1.65113
105.999 1.65086
106.099 1.65059
106.199 1.65032
106.299 1.65005
106.399 1.64978
106.499 1.64951
106.599 1.64924
106.699 1.64897
106.799 1.6487
106.899 1.64843
106.999 1.64816
107.099 1.64789
107.199 1.64762
107.299 1.64735
107.399 1.64708
107.499 1.6468
107.599 1.64653
107.699 1.64626
107.799 1.64599
107.899 1.64572
107.999 1.64545
108.099 1.64517
108.199 1.6449
108.299 1.64463
108.399 1.64436
108.499 1.64409
108.599 1.64381
108.699 1.64354
108.799 1.64327
108.899 1.643
108.999 1.64272
109.099 1.64245
109.199 1.64218
109.299 1.64191
109.399 1.64163
109.499 1.64136
109.599 1.64109
109.699 1.64082
109.799 1.64054
109.899 1.64027
109.999 1.63999
110.099 1.63972
110.199 1.63944
110.299 1.63917
110.399 1.6389
110.499 1.63862
110.599 1.63835
110.699 1.63807
110.799 1.6378
110.899 1.63752
110.999 1.63725
111.099 1.63698
111.199 1.6367
111.299 1.63643
111.399 1.63615
111.499 1.63588
111.599 1.6356
111.699 1.63532
111.799 1.63505
111.899 1.63477
111.999 1.6345
112.099 1.63422
112.199 1.63394
112.299 1.63367
112.399 1.63339
112.499 1.63312
112.599 1.63284
112.699 1.63256
112.799 1.63229
112.899 1.63201
112.999 1.63173
113.099 1.63145
113.199 1.63118
113.299 1.6309
113.399 1.63062
113.499 1.63034
113.599 1.63007
113.699 1.62979
113.799 1.62951
113.899 1.62923
113.999 1.62896
114.099 1.62868
114.199 1.6284
114.299 1.62812
114.399 1.62784
114.499 1.62756
114.599 1.62728
114.699 1.627
114.799 1.62673
114.899 1.62645
114.999 1.62617
115.099 1.62589
115.199 1.62561
115.299 1.62533
115.399 1.62505
115.499 1.62477
115.599 1.62449
115.699 1.62421
115.799 1.62393
115.899 1.62365
115.999 1.62337
116.099 1.62309
116.199 1.62281
116.299 1.62253
116.399 1.62224
116.499 1.62196
116.599 1.62168
116.699 1.6214
116.799 1.62112
116.899 1.62084
116.999 1.62056
117.099 1.62028
117.199 1.61999
117.299 1.61971
117.399 1.61943
117.499 1.61915
117.599 1.61886
117.699 1.61858
117.799 1.6183
117.899 1.61802
117.999 1.61773
118.099 1.61745
118.199 1.61717
118.299 1.61689
118.399 1.6166
118.499 1.61632
118.599 1.61604
118.699 1.61575
118.799 1.61547
118.899 1.61518
118.999 1.6149
119.099 1.61461
119.199 1.61433
119.299 1.61405
119.399 1.61376
119.499 1.61348
119.599 1.61319
119.699 1.61291
119.799 1.61262
119.899 1.61234
119.999 1.61205
120.099 1.61177
120.199 1.61148
120.299 1.6112
120.399 1.61091
120.499 1.61062
120.599 1.61034
120.699 1.61005
120.799 1.60977
120.899 1.60948
120.999 1.60919
121.099 1.60891
121.199 1.60862
121.299 1.60833
121.399 1.60804
121.499 1.60776
121.599 1.60747
121.699 1.60718
121.799 1.60689
121.899 1.6066
121.999 1.60632
122.099 1.60603
122.199 1.60574
122.299 1.60545
122.399 1.60517
122.499 1.60488
122.599 1.60459
122.699 1.6043
122.799 1.60401
122.899 1.60372
122.999 1.60343
123.099 1.60314
123.199 1.60285
123.299 1.60256
123.399 1.60227
123.499 1.60198
123.599 1.60169
123.699 1.6014
123.799 1.60111
123.899 1.60082
123.999 1.60053
124.099 1.60024
124.199 1.59995
124.299 1.59966
124.399 1.59936
124.499 1.59907
124.599 1.59878
124.699 1.59849
124.799 1.5982
124.899 1.59791
124.999 1.59762
125.099 1.59732
125.199 1.59703
125.299 1.59674
125.399 1.59645
125.499 1.59615
125.599 1.59586
125.699 1.59557
125.799 1.59527
125.899 1.59498
125.999 1.59469
126.099 1.59439
126.199 1.5941
126.299 1.5938
126.399 1.59351
126.499 1.59322
126.599 1.59292
126.699 1.59263
126.799 1.59233
126.899 1.59204
126.999 1.59174
127.099 1.59145
127.199 1.59115
127.299 1.59086
127.399 1.59056
127.499 1.59026
127.599 1.58997
127.699 1.58967
127.799 1.58938
127.899 1.58908
127.999 1.58878
128.099 1.58849
128.199 1.58819
128.299 1.58789
128.399 1.5876
128.499 1.5873
128.599 1.587
128.699 1.5867
128.799 1.5864
128.899 1.58611
128.999 1.58581
129.099 1.58551
129.199 1.58521
129.299 1.58491
129.399 1.58461
129.499 1.58432
129.599 1.58402
129.699 1.58372
129.799 1.58342
129.899 1.58312
129.999 1.58282
130.099 1.58252
130.199 1.58222
130.299 1.58192
130.399 1.58162
130.499 1.58132
130.599 1.58102
130.699 1.58072
130.799 1.58041
130.899 1.58011
130.999 1.57981
131.099 1.57951
131.199 1.57921
131.299 1.57891
131.399 1.5786
131.499 1.5783
131.599 1.578
131.699 1.5777
131.799 1.57739
131.899 1.57709
131.999 1.57679
132.099 1.57649
132.199 1.57618
132.299 1.57588
132.399 1.57557
132.499 1.57527
132.599 1.57497
132.699 1.57466
132.799 1.57436
132.899 1.57405
132.999 1.57375
133.099 1.57344
133.199 1.57314
133.299 1.57283
133.399 1.57253
133.499 1.57222
133.599 1.57192
133.699 1.57161
133.799 1.5713
133.899 1.571
133.999 1.57069
134.099 1.57038
134.199 1.57008
134.299 1.56977
134.399 1.56946
134.499 1.56916
134.599 1.56885
134.699 1.56854
134.799 1.56823
134.899 1.56792
134.999 1.56762
135.099 1.56731
135.199 1.567
135.299 1.56669
135.399 1.56638
135.499 1.56607
135.599 1.56576
135.699 1.56545
135.799 1.56514
135.899 1.56483
135.999 1.56452
136.099 1.56421
136.199 1.5639
136.299 1.56359
136.399 1.56328
136.499 1.56297
136.599 1.56266
136.699 1.56234
136.799 1.56203
136.899 1.56172
136.999 1.56141
137.099 1.5611
137.199 1.56079
137.299 1.56047
137.399 1.56016
137.499 1.55985
137.599 1.55953
137.699 1.55922
137.799 1.5589
137.899 1.55859
137.999 1.55828
138.099 1.55796
138.199 1.55765
138.299 1.55734
138.399 1.55702
138.499 1.55671
138.599 1.55639
138.699 1.55607
138.799 1.55576
138.899 1.55544
138.999 1.55513
139.099 1.55481
139.199 1.55449
139.299 1.55418
139.399 1.55386
139.499 1.55355
139.599 1.55323
139.699 1.55291
139.799 1.55259
139.899 1.55227
139.999 1.55195
140.099 1.55164
140.199 1.55132
140.299 1.551
140.399 1.55068
140.499 1.55036
140.599 1.55004
140.699 1.54972
140.799 1.5494
140.899 1.54908
140.999 1.54876
141.099 1.54844
141.199 1.54812
141.299 1.5478
141.399 1.54748
141.499 1.54716
141.599 1.54684
141.699 1.54652
141.799 1.54619
141.899 1.54587
141.999 1.54555
142.099 1.54523
142.199 1.5449
142.299 1.54458
142.399 1.54426
142.499 1.54393
142.599 1.54361
142.699 1.54328
142.799 1.54296
142.899 1.54264
142.999 1.54231
143.099 1.54199
143.199 1.54166
143.299 1.54134
143.399 1.54101
143.499 1.54068
143.599 1.54036
143.699 1.54003
143.799 1.53971
143.899 1.53938
143.999 1.53905
144.099 1.53873
144.199 1.5384
144.299 1.53807
144.399 1.53775
144.499 1.53742
144.599 1.53709
144.699 1.53676
144.799 1.53643
144.899 1.5361
144.999 1.53577
145.099 1.53544
145.199 1.53511
145.299 1.53478
145.399 1.53445
145.499 1.53412
145.599 1.53379
145.699 1.53346
145.799 1.53313
145.899 1.5328
145.999 1.53246
146.099 1.53213
146.199 1.5318
146.299 1.53147
146.399 1.53114
146.499 1.5308
146.599 1.53047
146.699 1.53014
146.799 1.5298
146.899 1.52947
146.999 1.52913
147.099 1.5288
147.199 1.52846
147.299 1.52813
147.399 1.52779
147.499 1.52746
147.599 1.52712
147.699 1.52679
147.799 1.52645
147.899 1.52612
147.999 1.52578
148.099 1.52544
148.199 1.5251
148.299 1.52476
148.399 1.52443
148.499 1.52409
148.599 1.52375
148.699 1.52341
148.799 1.52307
148.899 1.52273
148.999 1.5224
149.099 1.52206
149.199 1.52172
149.299 1.52138
149.399 1.52103
149.499 1.52069
149.599 1.52035
149.699 1.52001
149.799 1.51967
149.899 1.51933
149.999 1.51898
150.099 1.51864
150.199 1.5183
150.299 1.51796
150.399 1.51762
150.499 1.51727
150.599 1.51693
150.699 1.51658
150.799 1.51624
150.899 1.51589
150.999 1.51555
151.099 1.5152
151.199 1.51486
151.299 1.51451
151.399 1.51417
151.499 1.51382
151.599 1.51347
151.699 1.51312
151.799 1.51278
151.899 1.51243
151.999 1.51208
152.099 1.51173
152.199 1.51138
152.299 1.51103
152.399 1.51069
152.499 1.51034
152.599 1.50999
152.699 1.50964
152.799 1.50929
152.899 1.50894
152.999 1.50858
153.099 1.50823
153.199 1.50788
153.299 1.50753
153.399 1.50718
153.499 1.50682
153.599 1.50647
153.699 1.50612
153.799 1.50577
153.899 1.50541
153.999 1.50506
154.099 1.5047
154.199 1.50435
154.299 1.50399
154.399 1.50364
154.499 1.50328
154.599 1.50292
154.699 1.50257
154.799 1.50221
154.899 1.50186
154.999 1.5015
155.099 1.50114
155.199 1.50079
155.299 1.50043
155.399 1.50007
155.499 1.49971
155.599 1.49935
155.699 1.49899
155.799 1.49863
155.899 1.49827
155.999 1.49791
156.099 1.49755
156.199 1.49719
156.299 1.49683
156.399 1.49646
156.499 1.4961
156.599 1.49574
156.699 1.49537
156.799 1.49501
156.899 1.49464
156.999 1.49428
157.099 1.49392
157.199 1.49355
157.299 1.49319
157.399 1.49282
157.499 1.49246
157.599 1.49209
157.699 1.49173
157.799 1.49136
157.899 1.49099
157.999 1.49062
158.099 1.49025
158.199 1.48988
158.299 1.48952
158.399 1.48915
158.499 1.48878
158.599 1.48841
158.699 1.48804
158.799 1.48767
158.899 1.4873
158.999 1.48693
159.099 1.48656
159.199 1.48618
159.299 1.48581
159.399 1.48544
159.499 1.48506
159.599 1.48469
159.699 1.48432
159.799 1.48395
159.899 1.48357
159.999 1.4832
160.099 1.48282
160.199 1.48245
160.299 1.48207
160.399 1.48169
160.499 1.48131
160.599 1.48094
160.699 1.48056
160.799 1.48018
160.899 1.47981
160.999 1.47943
161.099 1.47905
161.199 1.47867
161.299 1.47829
161.399 1.47791
161.499 1.47753
161.599 1.47715
161.699 1.47676
161.799 1.47638
161.899 1.476
161.999 1.47562
162.099 1.47524
162.199 1.47486
162.299 1.47447
162.399 1.47409
162.499 1.4737
162.599 1.47332
162.699 1.47293
162.799 1.47255
162.899 1.47216
162.999 1.47177
163.099 1.47139
163.199 1.471
163.299 1.47062
163.399 1.47023
163.499 1.46984
163.599 1.46946
163.699 1.46907
163.799 1.46867
163.899 1.46828
163.999 1.46789
164.099 1.4675
164.199 1.46711
164.299 1.46672
164.399 1.46633
164.499 1.46594
164.599 1.46555
164.699 1.46516
164.799 1.46477
164.899 1.46437
164.999 1.46398
165.099 1.46359
165.199 1.46319
165.299 1.4628
165.399 1.4624
165.499 1.46201
165.599 1.46161
165.699 1.46122
165.799 1.46082
165.899 1.46043
165.999 1.46004
166.099 1.45964
166.199 1.45924
166.299 1.45884
166.399 1.45844
166.499 1.45805
166.599 1.45765
166.699 1.45725
166.799 1.45685
166.899 1.45646
166.999 1.45606
167.099 1.45566
167.199 1.45526
167.299 1.45487
167.399 1.45447
167.499 1.45407
167.599 1.45367
167.699 1.45327
167.799 1.45287
167.899 1.45247
167.999 1.45207
168.099 1.45167
168.199 1.45127
168.299 1.45087
168.399 1.45047
168.499 1.45008
168.599 1.44968
168.699 1.44928
168.799 1.44888
168.899 1.44848
168.999 1.44809
169.099 1.44769
169.199 1.44729
169.299 1.44689
169.399 1.44649
169.499 1.4461
169.599 1.4457
169.699 1.4453
169.799 1.44491
169.899 1.44452
169.999 1.44412
170.099 1.44373
170.199 1.44334
170.299 1.44295
170.399 1.44255
170.499 1.44216
170.599 1.44177
170.699 1.44138
170.799 1.44098
170.899 1.44059
170.999 1.44021
171.099 1.43983
171.199 1.43945
171.299 1.43907
171.399 1.43869
171.499 1.43831
171.599 1.43794
171.699 1.43756
171.799 1.43718
171.899 1.4368
171.999 1.43642
172.099 1.43604
172.199 1.43568
172.299 1.43532
172.399 1.43497
172.499 1.43461
172.599 1.43426
172.699 1.4339
172.799 1.43355
172.899 1.4332
172.999 1.43284
173.099 1.43249
173.199 1.43213
173.299 1.43178
173.399 1.43143
173.499 1.43112
173.599 1.43081
173.699 1.4305
173.799 1.43019
173.899 1.42987
173.999 1.42956
174.099 1.42925
174.199 1.42894
174.299 1.42863
174.399 1.42832
174.499 1.42801
174.599 1.4277
174.699 1.42743
174.799 1.42719
174.899 1.42695
174.999 1.42671
175.099 1.42647
175.199 1.42623
175.299 1.42599
175.399 1.42575
175.499 1.42551
175.599 1.42527
175.699 1.42503
175.799 1.42479
175.899 1.42455
175.999 1.42439
176.099 1.42426
176.199 1.42413
176.299 1.424
176.399 1.42386
176.499 1.42373
176.599 1.4236
176.699 1.42347
176.799 1.42334
176.899 1.42321
176.999 1.42308
177.099 1.42295
177.199 1.42284
177.299 1.42279
177.399 1.42282
177.499 1.42284
177.599 1.42286
177.699 1.42288
177.799 1.4229
177.899 1.42293
177.999 1.42295
178.099 1.42297
178.199 1.42299
178.299 1.42302
178.399 1.42306
178.499 1.4232
178.599 1.42334
178.699 1.42357
178.799 1.4238
178.899 1.42403
178.999 1.42426
179.099 1.42449
179.199 1.42472
179.299 1.42495
179.399 1.42518
179.499 1.42541
179.599 1.4257
179.699 1.42599
179.799 1.42639
179.899 1.42683
179.999 1.42728
180.099 1.42755
180.199 1.42782
180.299 1.42809
180.399 1.42836
180.499 1.42863
180.599 1.4289
180.699 1.42923
180.798 1.42957
180.898 1.42992
180.998 1.43026
181.098 1.43061
181.198 1.43096
181.298 1.4313
181.398 1.43165
181.498 1.43195
181.598 1.43214
181.698 1.43233
181.798 1.43258
181.898 1.43288
181.998 1.43318
182.098 1.43348
182.197 1.43378
182.297 1.43411
182.397 1.43446
182.497 1.43482
182.597 1.43517
182.697 1.43553
182.797 1.43588
182.897 1.43629
182.997 1.43673
183.097 1.43718
183.197 1.4376
183.297 1.4379
183.397 1.4382
183.497 1.4385
183.597 1.4388
183.696 1.43911
183.796 1.43941
183.896 1.43971
183.996 1.44008
184.096 1.44047
184.196 1.44085
184.296 1.44123
184.396 1.44162
184.496 1.442
184.596 1.44239
184.696 1.44277
184.796 1.44316
184.896 1.44354
184.996 1.44383
185.095 1.44416
185.195 1.4445
185.295 1.44484
185.395 1.44518
185.495 1.44552
185.595 1.44586
185.695 1.4462
185.795 1.44654
185.895 1.44688
185.995 1.44722
186.095 1.44756
186.195 1.44789
186.295 1.44823
186.395 1.44857
186.495 1.4489
186.594 1.44924
186.694 1.44957
186.794 1.44984
186.894 1.4501
186.994 1.45037
187.094 1.45063
187.194 1.45088
187.294 1.45113
187.394 1.45139
187.494 1.45164
187.594 1.45187
187.694 1.45209
187.794 1.45232
187.894 1.45254
187.993 1.45277
188.093 1.45295
188.193 1.45309
188.293 1.45322
188.393 1.45336
188.493 1.45349
188.593 1.45362
188.693 1.45375
188.793 1.45388
188.893 1.45401
188.993 1.45414
189.093 1.45424
189.193 1.45426
189.293 1.45429
189.393 1.45431
189.492 1.45433
189.592 1.45435
189.692 1.45438
189.792 1.4544
189.892 1.4544
189.992 1.45439
190.092 1.45437
190.192 1.45424
190.292 1.45409
190.392 1.45396
190.492 1.45384
190.592 1.45371
190.692 1.45359
190.792 1.45347
190.891 1.45334
190.991 1.45322
191.091 1.4531
191.191 1.45296
191.291 1.45272
191.391 1.45248
191.491 1.45224
191.591 1.452
191.691 1.45176
191.791 1.45152
191.891 1.45128
191.991 1.45104
192.091 1.4508
192.191 1.45056
192.29 1.45034
192.39 1.45004
192.49 1.44971
192.59 1.44937
192.69 1.44902
192.79 1.44868
192.89 1.44833
192.99 1.44799
193.09 1.44765
193.19 1.4473
193.29 1.44696
193.39 1.44661
193.49 1.44621
193.59 1.44578
193.69 1.44535
193.789 1.44492
193.889 1.44449
193.989 1.44409
194.089 1.44371
194.189 1.44333
194.289 1.44295
194.389 1.44257
194.489 1.44219
194.589 1.44178
194.689 1.44135
194.789 1.44093
194.889 1.4405
194.989 1.44007
195.089 1.43964
195.188 1.43921
195.288 1.43878
195.388 1.43835
195.488 1.43792
195.588 1.43753
195.688 1.43713
195.788 1.43674
195.888 1.4363
195.988 1.43586
196.088 1.43543
196.188 1.43499
196.288 1.43456
196.388 1.43412
196.488 1.43369
196.588 1.43325
196.687 1.43282
196.787 1.43238
196.887 1.43194
196.987 1.4315
197.087 1.43106
197.187 1.43067
197.287 1.43029
197.387 1.4299
197.487 1.42951
197.587 1.42912
197.687 1.42874
197.787 1.42837
197.887 1.428
197.987 1.42763
198.086 1.42726
198.186 1.4269
198.286 1.42653
198.386 1.42616
198.486 1.42579
198.586 1.42542
198.686 1.42501
198.786 1.42465
198.886 1.4243
198.986 1.42394
199.086 1.42359
199.186 1.42324
199.286 1.42289
199.386 1.42253
199.486 1.42218
199.585 1.42183
199.685 1.42148
199.785 1.42112
199.885 1.42082
199.985 1.42053
200.085 1.42023
200.185 1.41994
200.285 1.41965
200.385 1.41936
200.485 1.41906
200.585 1.41877
200.685 1.41848
200.785 1.41813
200.885 1.41778
200.984 1.41744
201.084 1.41714
201.184 1.41687
201.284 1.4166
201.384 1.41633
201.484 1.41606
201.584 1.41579
201.684 1.41552
201.784 1.41525
201.884 1.41499
201.984 1.41472
202.084 1.41445
202.184 1.41418
202.284 1.41391
202.384 1.41367
202.483 1.41346
202.583 1.41325
202.683 1.41301
202.783 1.41277
202.883 1.41254
202.983 1.4123
203.083 1.41206
203.183 1.41183
203.283 1.41159
203.383 1.41136
203.483 1.41112
203.583 1.41089
203.683 1.41065
203.783 1.41042
203.882 1.4102
203.982 1.40998
204.082 1.40977
204.182 1.40955
204.282 1.40933
204.382 1.40911
204.482 1.4089
204.582 1.40871
204.682 1.40853
204.782 1.40834
204.882 1.40815
204.982 1.40797
205.082 1.40779
205.182 1.40762
205.282 1.40744
205.381 1.40726
205.481 1.40709
205.581 1.4069
205.681 1.4067
205.781 1.40651
205.881 1.40631
205.981 1.40611
206.081 1.40592
206.181 1.40574
206.281 1.40556
206.381 1.40538
206.481 1.40521
206.581 1.40505
206.681 1.40489
206.78 1.40473
206.88 1.40457
206.98 1.40441
207.08 1.40424
207.18 1.40408
207.28 1.40393
207.38 1.40378
207.48 1.40363
207.58 1.40348
207.68 1.40332
207.78 1.40317
207.88 1.40302
207.98 1.40287
208.08 1.40271
208.18 1.40256
208.279 1.4024
208.379 1.40224
208.479 1.4021
208.579 1.40196
208.679 1.40181
208.779 1.40167
208.879 1.40153
208.979 1.40138
209.079 1.40124
209.179 1.4011
209.279 1.40095
209.379 1.40081
209.479 1.40067
209.579 1.40052
209.678 1.40038
209.778 1.40024
209.878 1.4001
209.978 1.39996
210.078 1.39981
210.178 1.39967
210.278 1.39953
210.378 1.39939
210.478 1.39926
210.578 1.39913
210.678 1.39899
210.778 1.39885
210.878 1.39871
210.978 1.39857
211.078 1.39843
211.177 1.39829
211.277 1.39815
211.377 1.398
211.477 1.39786
211.577 1.39772
211.677 1.39758
211.777 1.39744
211.877 1.3973
211.977 1.39715
212.077 1.39702
212.177 1.39688
212.277 1.39675
212.377 1.39661
212.477 1.39648
212.576 1.39635
212.676 1.39621
212.776 1.39608
212.876 1.39594
212.976 1.39579
213.076 1.39564
213.176 1.3955
213.276 1.39535
213.376 1.3952
213.476 1.39506
213.576 1.39491
213.676 1.39477
213.776 1.39462
213.876 1.39448
213.975 1.39433
214.075 1.39418
214.175 1.39402
214.275 1.39387
214.375 1.39371
214.475 1.39356
214.575 1.3934
214.675 1.39325
214.775 1.39309
214.875 1.39293
214.975 1.39277
215.075 1.39261
215.175 1.39245
215.275 1.39228
215.375 1.39212
215.474 1.39196
215.574 1.3918
215.674 1.39164
215.774 1.39148
215.874 1.39132
215.974 1.39116
216.074 1.39099
216.174 1.39082
216.274 1.39066
216.374 1.39049
216.474 1.39033
216.574 1.39016
216.674 1.39
216.774 1.38983
216.873 1.38966
216.973 1.3895
217.073 1.38933
217.173 1.38916
217.273 1.38899
217.373 1.38883
217.473 1.38866
217.573 1.38849
217.673 1.38833
217.773 1.38816
217.873 1.38799
217.973 1.38783
218.073 1.38766
218.173 1.38749
218.273 1.38733
218.372 1.38716
218.472 1.38699
218.572 1.38682
218.672 1.38666
218.772 1.38649
218.872 1.38632
218.972 1.38616
219.072 1.386
219.172 1.38581
219.272 1.38563
219.372 1.38544
219.472 1.38525
219.572 1.38507
219.672 1.38488
219.771 1.38469
219.871 1.38451
219.971 1.38432
220.071 1.38414
220.171 1.38395
220.271 1.38376
220.371 1.38358
220.471 1.38339
220.571 1.38321
220.671 1.38303
220.771 1.38286
220.871 1.38268
220.971 1.3825
221.071 1.38232
221.171 1.38215
221.27 1.38197
221.37 1.38179
221.47 1.38162
221.57 1.38146
221.67 1.38129
221.77 1.38112
221.87 1.38096
221.97 1.3808
222.07 1.38063
222.17 1.38047
222.27 1.3803
222.37 1.38014
222.47 1.37997
222.57 1.37977
222.669 1.37958
222.769 1.37939
222.869 1.3792
222.969 1.37901
223.069 1.37882
223.169 1.37863
223.269 1.37843
223.369 1.37822
223.469 1.37802
223.569 1.37781
223.669 1.3776
223.769 1.37739
223.869 1.37718
223.969 1.37697
224.069 1.37676
224.168 1.37655
224.268 1.37634
224.368 1.37612
224.468 1.37591
224.568 1.3757
224.668 1.37549
224.768 1.37528
224.868 1.37507
224.968 1.37486
225.068 1.37464
225.168 1.37443
225.268 1.37421
225.368 1.374
225.468 1.37378
225.567 1.37357
225.667 1.37336
225.767 1.37314
225.867 1.37293
225.967 1.37271
226.067 1.37248
226.167 1.37226
226.267 1.37203
226.367 1.3718
226.467 1.37156
226.567 1.37132
226.667 1.37108
226.767 1.37084
226.867 1.3706
226.967 1.37036
227.066 1.37012
227.166 1.36988
227.266 1.36963
227.366 1.36939
227.466 1.36914
227.566 1.36889
227.666 1.36865
227.766 1.3684
227.866 1.36815
227.966 1.36789
228.066 1.36763
228.166 1.36736
228.266 1.3671
228.366 1.36683
228.465 1.36657
228.565 1.3663
228.665 1.36603
228.765 1.36577
228.865 1.3655
228.965 1.36523
229.065 1.36497
229.165 1.3647
229.265 1.36444
229.365 1.36418
229.465 1.36388
229.565 1.36358
229.665 1.36329
229.765 1.36299
229.865 1.36269
229.964 1.36239
230.064 1.3621
230.164 1.3618
230.264 1.3615
230.364 1.36121
230.464 1.36091
230.564 1.36062
230.664 1.36032
230.764 1.36003
230.864 1.35974
230.964 1.3594
231.064 1.35906
231.164 1.35873
231.264 1.35839
231.363 1.35806
231.463 1.35772
231.563 1.35739
231.663 1.35706
231.763 1.35674
231.863 1.35642
231.963 1.3561
232.063 1.35577
232.163 1.35545
232.263 1.35513
232.363 1.35481
232.463 1.35444
232.563 1.35407
232.663 1.35371
232.763 1.35334
232.862 1.35296
232.962 1.35259
233.062 1.35222
233.162 1.35184
233.262 1.35147
233.362 1.35109
233.462 1.35072
233.562 1.35035
233.662 1.34997
233.762 1.3496
233.862 1.34926
233.962 1.34885
234.062 1.34845
234.162 1.34805
234.261 1.34765
234.361 1.34724
234.461 1.34684
234.561 1.34644
234.661 1.34603
234.761 1.34563
234.861 1.34523
234.961 1.34485
235.061 1.34454
235.161 1.34423
235.261 1.34392
235.361 1.34358
235.461 1.34318
235.561 1.34277
235.66 1.34237
235.76 1.34196
235.86 1.34156
235.96 1.34115
236.06 1.34074
236.16 1.34048
236.26 1.34022
236.36 1.33995
236.46 1.33968
236.56 1.33941
236.66 1.33915
236.76 1.33888
236.86 1.33856
236.96 1.33821
237.06 1.33786
237.159 1.3375
237.259 1.33731
237.359 1.33714
237.459 1.33697
237.559 1.3368
237.659 1.33663
237.759 1.33646
237.859 1.33629
237.959 1.33612
238.059 1.33595
238.159 1.33578
238.259 1.33562
238.359 1.33554
238.459 1.33549
238.558 1.33543
238.658 1.33537
238.758 1.33532
238.858 1.33526
238.958 1.33521
239.058 1.33515
239.158 1.33509
239.258 1.33504
239.358 1.33498
239.458 1.33496
239.558 1.33498
239.658 1.33499
239.758 1.33502
239.858 1.3351
239.958 1.33517
240.057 1.33525
240.157 1.33533
240.257 1.3354
240.357 1.33548
240.457 1.33556
240.557 1.33564
240.657 1.33572
240.757 1.3358
240.857 1.33589
240.957 1.33597
241.057 1.33606
241.157 1.33614
241.257 1.33624
241.357 1.33638
241.456 1.33652
241.556 1.33666
241.656 1.33681
241.756 1.33692
241.856 1.33703
241.956 1.33715
242.056 1.33726
242.156 1.33737
242.256 1.33748
242.356 1.33759
242.456 1.33771
242.556 1.33782
242.656 1.33793
242.756 1.33804
242.856 1.33817
242.955 1.33829
243.055 1.3384
243.155 1.33851
243.255 1.33862
243.355 1.33873
243.455 1.33884
243.555 1.33895
243.655 1.33906
243.755 1.33917
243.855 1.33928
243.955 1.33939
244.055 1.33947
244.155 1.33955
244.255 1.33963
244.354 1.33971
244.454 1.33982
244.554 1.33992
244.654 1.34003
244.754 1.34014
244.854 1.34025
244.954 1.34035
245.054 1.34046
245.154 1.34055
245.254 1.34062
245.354 1.3407
245.454 1.34077
245.554 1.34084
245.654 1.34092
245.754 1.34099
245.853 1.34107
245.953 1.34089
246.053 1.34074
246.154 1.3406
246.254 1.34046
246.354 1.34032
246.454 1.34017
246.554 1.34
246.654 1.33984
246.754 1.33968
246.854 1.33951
246.954 1.33935
247.054 1.33918
247.154 1.33902
247.254 1.33887
247.354 1.33874
247.454 1.33861
247.554 1.33848
247.654 1.33834
247.754 1.33821
247.854 1.33808
247.954 1.33794
248.054 1.33778
248.154 1.33762
248.254 1.33747
248.354 1.33731
248.454 1.33717
248.554 1.33704
248.654 1.33691
248.754 1.33678
248.854 1.33665
248.954 1.33652
249.054 1.33638
249.154 1.33625
249.254 1.33612
249.354 1.33599
249.454 1.33586
249.554 1.33573
249.654 1.33558
249.754 1.33545
249.854 1.33532
249.954 1.33518
250.054 1.33505
250.154 1.33492
250.254 1.33478
250.354 1.33465
250.454 1.33452
250.554 1.33438
250.654 1.33425
250.754 1.33412
250.854 1.33398
250.954 1.33388
251.054 1.33381
251.154 1.33373
251.254 1.33364
251.354 1.33353
251.455 1.33342
251.555 1.33331
251.655 1.3332
251.755 1.33309
251.855 1.33298
251.955 1.33287
252.055 1.33276
252.155 1.33266
252.255 1.33258
252.355 1.33249
252.455 1.3324
252.555 1.33232
252.655 1.33223
252.755 1.33215
252.855 1.33206
252.955 1.33197
253.055 1.33189
253.155 1.33182
253.255 1.33176
253.355 1.33167
253.455 1.33159
253.555 1.3315
253.655 1.33142
253.755 1.33133
253.855 1.33125
253.955 1.33116
254.055 1.33107
254.155 1.33098
254.255 1.33089
254.355 1.3308
254.455 1.33071
254.555 1.33061
254.655 1.33051
254.755 1.33043
254.855 1.33037
254.955 1.3303
255.055 1.33024
255.155 1.33017
255.255 1.33011
255.355 1.33004
255.455 1.32998
255.555 1.32991
255.655 1.32985
255.755 1.32978
255.855 1.32972
255.955 1.32965
256.055 1.32958
256.155 1.32951
256.255 1.32944
256.355 1.32937
256.455 1.3293
256.555 1.32926
256.656 1.32922
256.756 1.32918
256.856 1.32914
256.956 1.32909
257.056 1.32903
257.156 1.32897
257.256 1.32891
257.356 1.32885
257.456 1.32879
257.556 1.32873
257.656 1.32867
257.756 1.32861
257.856 1.32855
257.956 1.32849
258.056 1.32846
258.156 1.32842
258.256 1.32838
258.356 1.32833
258.456 1.32828
258.556 1.32823
258.656 1.32818
258.756 1.32813
258.856 1.32808
258.956 1.32802
259.056 1.32797
259.156 1.32792
259.256 1.32787
259.356 1.32783
259.456 1.32778
259.556 1.32773
259.656 1.32769
259.756 1.32764
259.856 1.32759
259.956 1.32755
260.056 1.32749
260.156 1.32743
260.256 1.32738
260.356 1.32733
260.456 1.32728
260.556 1.32723
260.656 1.32719
260.756 1.32714
260.856 1.3271
260.956 1.32705
261.056 1.32701
261.156 1.32696
261.256 1.32691
261.356 1.32687
261.456 1.32682
261.556 1.32678
261.656 1.32673
261.756 1.32668
261.856 1.32664
261.957 1.32659
262.057 1.32655
262.157 1.3265
262.257 1.32644
262.357 1.3264
262.457 1.32635
262.557 1.3263
262.657 1.32625
262.757 1.3262
262.857 1.32615
262.957 1.32611
263.057 1.32606
263.157 1.32601
263.257 1.32596
263.357 1.32591
263.457 1.32586
263.557 1.32582
263.657 1.32578
263.757 1.32574
263.857 1.32569
263.957 1.32564
264.057 1.32559
264.157 1.32554
264.257 1.3255
264.357 1.32545
264.457 1.3254
264.557 1.32535
264.657 1.3253
264.757 1.32525
264.857 1.3252
264.957 1.32515
265.057 1.32511
265.157 1.32507
265.257 1.32502
265.357 1.32497
265.457 1.32492
265.557 1.32487
265.657 1.32481
265.757 1.32476
265.857 1.32471
265.957 1.32466
266.057 1.32461
266.157 1.32455
266.257 1.3245
266.357 1.32445
266.457 1.3244
266.557 1.32435
266.657 1.3243
266.757 1.32425
266.857 1.3242
266.957 1.32415
267.057 1.32409
267.157 1.32403
267.258 1.32398
267.358 1.32392
267.458 1.32387
267.558 1.32381
267.658 1.32375
267.758 1.3237
267.858 1.32364
267.958 1.32358
268.058 1.32353
268.158 1.32347
268.258 1.32342
268.358 1.32337
268.458 1.32331
268.558 1.32326
268.658 1.32321
268.758 1.32315
268.858 1.32309
268.958 1.32303
269.058 1.32297
269.158 1.32291
269.258 1.32285
269.358 1.3228
269.458 1.32274
269.558 1.32268
269.658 1.32261
269.758 1.32255
269.858 1.32249
269.958 1.32243
270.058 1.32237
270.158 1.3223
270.258 1.32223
270.358 1.32217
270.458 1.32211
270.558 1.32204
270.658 1.32198
270.758 1.32192
270.858 1.32186
270.958 1.32179
271.058 1.32173
271.158 1.32167
271.258 1.32161
271.358 1.32154
271.458 1.32148
271.558 1.32141
271.658 1.32135
271.758 1.32128
271.858 1.32122
271.958 1.32115
272.058 1.32109
272.158 1.32103
272.258 1.32096
272.358 1.3209
272.459 1.32084
272.559 1.32077
272.659 1.32071
272.759 1.32062
272.859 1.32054
272.959 1.32046
273.059 1.32038
273.159 1.3203
273.259 1.32022
273.359 1.32014
273.459 1.32006
273.559 1.31998
273.659 1.3199
273.759 1.31982
273.859 1.31975
273.959 1.31967
274.059 1.31958
274.159 1.3195
274.259 1.31941
274.359 1.31933
274.459 1.31924
274.559 1.31916
274.659 1.31908
274.759 1.31899
274.859 1.31891
274.959 1.31882
275.059 1.31874
275.159 1.31866
275.259 1.31857
275.359 1.31849
275.459 1.31841
275.559 1.31833
275.659 1.31826
275.759 1.31818
275.859 1.3181
275.959 1.31803
276.059 1.31795
276.159 1.31788
276.259 1.3178
276.359 1.31772
276.459 1.31765
276.559 1.31757
276.659 1.3175
276.759 1.31742
276.859 1.31735
276.959 1.31727
277.059 1.31719
277.159 1.3171
277.259 1.31702
277.359 1.31694
277.459 1.31685
277.559 1.31677
277.659 1.31669
277.76 1.31661
277.86 1.31652
277.96 1.31644
278.06 1.31636
278.16 1.31627
278.26 1.31619
278.36 1.31611
278.46 1.31603
278.56 1.31594
278.66 1.31586
278.76 1.31578
278.86 1.3157
278.96 1.31562
279.06 1.31554
279.16 1.31546
279.26 1.31537
279.36 1.31529
279.46 1.31521
279.56 1.31513
279.66 1.31505
279.76 1.31497
279.86 1.31489
279.96 1.31481
280.06 1.31473
280.16 1.31466
280.26 1.31458
280.36 1.31451
280.46 1.31443
280.56 1.31436
280.66 1.31428
280.76 1.31421
280.86 1.31413
280.96 1.31406
281.06 1.31398
281.16 1.31391
281.26 1.31384
281.36 1.31376
281.46 1.31369
281.56 1.31362
281.66 1.31354
281.76 1.31347
281.86 1.3134
281.96 1.31332
282.06 1.31325
282.16 1.31318
282.26 1.3131
282.36 1.31303
282.46 1.31296
282.56 1.31288
282.66 1.31281
282.76 1.31274
282.86 1.31266
282.961 1.31258
283.061 1.3125
283.161 1.31242
283.261 1.31234
283.361 1.31226
283.461 1.31218
283.561 1.3121
283.661 1.31202
283.761 1.31194
283.861 1.31186
283.961 1.31178
284.061 1.3117
284.161 1.31161
284.261 1.31153
284.361 1.31145
284.461 1.31137
284.561 1.3113
284.661 1.31122
284.761 1.31114
284.861 1.31106
284.961 1.31098
285.061 1.3109
285.161 1.31082
285.261 1.31074
285.361 1.31066
285.461 1.31058
285.561 1.31051
285.661 1.31043
285.761 1.31035
285.861 1.31027
285.961 1.3102
286.061 1.31012
286.161 1.31004
286.261 1.30996
286.361 1.30988
286.461 1.3098
286.561 1.30973
286.661 1.30965
286.761 1.30957
286.861 1.3095
286.961 1.30942
287.061 1.30934
287.161 1.30926
287.261 1.30918
287.361 1.3091
287.461 1.30902
287.561 1.30894
287.661 1.30886
287.761 1.30878
287.861 1.3087
287.961 1.30862
288.061 1.30854
288.161 1.30847
288.262 1.30839
288.362 1.30831
288.462 1.30822
288.562 1.30814
288.662 1.30806
288.762 1.30798
288.862 1.30789
288.962 1.30781
289.062 1.30773
289.162 1.30765
289.262 1.30756
289.362 1.30748
289.462 1.30739
289.562 1.30731
289.662 1.30723
289.762 1.30714
289.862 1.30706
289.962 1.30697
290.062 1.30688
290.162 1.30679
290.262 1.3067
290.362 1.30662
290.462 1.30653
290.562 1.30644
290.662 1.30635
290.762 1.30626
290.862 1.30617
290.962 1.30607
291.062 1.30598
291.162 1.30589
291.262 1.3058
291.362 1.30571
291.462 1.30561
291.562 1.30552
291.662 1.30543
291.762 1.30534
291.862 1.30525
291.962 1.30515
292.062 1.30505
292.162 1.30496
292.262 1.30486
292.362 1.30477
292.462 1.30467
292.562 1.30458
292.662 1.30449
292.762 1.3044
292.862 1.30432
292.962 1.30423
293.062 1.30414
293.162 1.30405
293.262 1.30397
293.362 1.30388
293.463 1.30379
293.563 1.3037
293.663 1.30361
293.763 1.30353
293.863 1.30344
293.963 1.30336
294.063 1.30327
294.163 1.30319
294.263 1.3031
294.363 1.30302
294.463 1.30293
294.563 1.30285
294.663 1.30276
294.763 1.30268
294.863 1.30259
294.963 1.30251
295.063 1.30242
295.163 1.30234
295.263 1.30225
295.363 1.30217
295.463 1.30208
295.563 1.302
295.663 1.30191
295.763 1.30183
295.863 1.30175
295.963 1.30166
296.063 1.30158
296.163 1.30149
296.263 1.30141
296.363 1.30132
296.463 1.30124
296.563 1.30115
296.663 1.30107
296.763 1.30099
296.863 1.3009
296.963 1.30082
297.063 1.30074
297.163 1.30065
297.263 1.30057
297.363 1.30048
297.463 1.3004
297.563 1.30032
297.663 1.30023
297.763 1.30015
297.863 1.30007
297.963 1.29999
298.063 1.2999
298.163 1.29982
298.263 1.29974
298.363 1.29966
298.463 1.29957
298.563 1.29949
298.663 1.29941
298.764 1.29932
298.864 1.29924
298.964 1.29916
299.064 1.29908
299.164 1.299
299.264 1.29891
299.364 1.29883
299.464 1.29875
299.564 1.29867
299.664 1.29859
299.764 1.29851
299.864 1.29842
299.964 1.29834
300.064 1.29826
300.164 1.29818
300.264 1.2981
300.364 1.29801
300.464 1.29793
300.564 1.29785
300.664 1.29777
300.764 1.29769
300.864 1.2976
300.964 1.29752
301.064 1.29744
301.164 1.29736
301.264 1.29728
301.364 1.29719
301.464 1.29711
301.564 1.29703
301.664 1.29695
301.764 1.29686
301.864 1.29678
301.964 1.2967
302.064 1.29662
302.164 1.29653
302.264 1.29645
302.364 1.29637
302.464 1.29628
302.564 1.2962
302.664 1.29612
302.764 1.29603
302.864 1.29594
302.964 1.29585
303.064 1.29576
303.164 1.29567
303.264 1.29558
303.364 1.29549
303.464 1.2954
303.564 1.29531
303.664 1.29522
303.764 1.29513
303.864 1.29503
303.965 1.29494
304.065 1.29484
304.165 1.29475
304.265 1.29465
304.365 1.29456
304.465 1.29446
304.565 1.29436
304.665 1.29427
304.765 1.29417
304.865 1.29408
304.965 1.29399
305.065 1.29389
305.165 1.2938
305.265 1.29371
305.365 1.29361
305.465 1.29352
305.565 1.29343
305.665 1.29333
305.765 1.29324
305.865 1.29315
305.965 1.29305
306.065 1.29296
306.165 1.29287
306.265 1.29277
306.365 1.29268
306.465 1.29259
306.565 1.29249
306.665 1.2924
306.765 1.2923
306.865 1.29221
306.965 1.29211
307.065 1.29202
307.165 1.29192
307.265 1.29182
307.365 1.29172
307.465 1.29163
307.565 1.29153
307.665 1.29143
307.765 1.29133
307.865 1.29123
307.965 1.29113
308.065 1.29103
308.165 1.29093
308.265 1.29084
308.365 1.29074
308.465 1.29064
308.565 1.29054
308.665 1.29044
308.765 1.29034
308.865 1.29025
308.965 1.29015
309.065 1.29005
309.165 1.28995
309.266 1.28985
309.366 1.28976
309.466 1.28966
309.566 1.28956
309.666 1.28947
309.766 1.28938
309.866 1.28928
309.966 1.28919
310.066 1.28909
310.166 1.289
310.266 1.2889
310.366 1.28881
310.466 1.28872
310.566 1.28862
310.666 1.28853
310.766 1.28844
310.866 1.28835
310.966 1.28825
311.066 1.28816
311.166 1.28807
311.266 1.28798
311.366 1.28788
311.466 1.28779
311.566 1.2877
311.666 1.28761
311.766 1.28751
311.866 1.28742
311.966 1.28733
312.066 1.28724
312.166 1.28715
312.266 1.28706
312.366 1.28697
312.466 1.28687
312.566 1.28678
312.666 1.28669
312.766 1.2866
312.866 1.28651
312.966 1.28641
313.066 1.28632
313.166 1.28623
313.266 1.28614
313.366 1.28605
313.466 1.28596
313.566 1.28587
313.666 1.28578
313.766 1.28568
313.866 1.28559
313.966 1.2855
314.066 1.28541
314.166 1.28532
314.266 1.28523
314.366 1.28515
314.466 1.28506
314.567 1.28497
314.667 1.28489
314.767 1.2848
314.867 1.28472
314.967 1.28463
315.067 1.28455
315.167 1.28446
315.267 1.28437
315.367 1.28429
315.467 1.2842
315.567 1.28412
315.667 1.28403
315.767 1.28394
315.867 1.28385
315.967 1.28376
316.067 1.28368
316.167 1.28359
316.267 1.2835
316.367 1.28341
316.467 1.28332
316.567 1.28324
316.667 1.28315
316.767 1.28306
316.867 1.28298
316.967 1.28289
317.067 1.28281
317.167 1.28272
317.267 1.28263
317.367 1.28254
317.467 1.28246
317.567 1.28237
317.667 1.28229
317.767 1.2822
317.867 1.28212
317.967 1.28203
318.067 1.28195
318.167 1.28186
318.267 1.28178
318.367 1.28169
318.467 1.2816
318.567 1.28152
318.667 1.28143
318.767 1.28134
318.867 1.28126
318.967 1.28117
319.067 1.28108
319.167 1.28099
319.267 1.28091
319.367 1.28082
319.467 1.28074
319.567 1.28065
319.667 1.28057
319.768 1.28048
319.868 1.2804
319.968 1.28031
320.068 1.28023
320.168 1.28014
320.268 1.28006
320.368 1.27997
320.468 1.27988
320.568 1.2798
320.668 1.27972
320.768 1.27964
320.868 1.27956
320.968 1.27947
321.068 1.27939
321.168 1.27931
321.268 1.27923
321.368 1.27914
321.468 1.27906
321.568 1.27898
321.668 1.2789
321.768 1.27882
321.868 1.27874
321.968 1.27866
322.068 1.27858
322.168 1.2785
322.268 1.27842
322.368 1.27834
322.468 1.27826
322.568 1.27817
322.668 1.27809
322.768 1.27801
322.868 1.27792
322.968 1.27784
323.068 1.27775
323.168 1.27767
323.268 1.27758
323.368 1.27749
323.468 1.27741
323.568 1.27732
323.668 1.27723
323.768 1.27714
323.868 1.27706
323.968 1.27697
324.068 1.27688
324.168 1.2768
324.268 1.27671
324.368 1.27663
324.468 1.27654
324.568 1.27646
324.668 1.27638
324.768 1.27629
324.868 1.27621
324.968 1.27613
325.069 1.27604
325.169 1.27596
325.269 1.27588
325.369 1.27579
325.469 1.27571
325.569 1.27562
325.669 1.27554
325.769 1.27546
325.869 1.27537
325.969 1.27529
326.069 1.27521
326.169 1.27512
326.269 1.27504
326.369 1.27496
326.469 1.27487
326.569 1.27479
326.669 1.2747
326.769 1.27462
326.869 1.27453
326.969 1.27444
327.069 1.27436
327.169 1.27427
327.269 1.27418
327.369 1.2741
327.469 1.27401
327.569 1.27392
327.669 1.27383
327.769 1.27375
327.869 1.27366
327.969 1.27357
328.069 1.27349
328.169 1.2734
328.269 1.27332
328.369 1.27323
328.469 1.27315
328.569 1.27306
328.669 1.27298
328.769 1.27289
328.869 1.27281
328.969 1.27272
329.069 1.27263
329.169 1.27255
329.269 1.27246
329.369 1.27237
329.469 1.27228
329.569 1.2722
329.669 1.27211
329.769 1.27202
329.869 1.27193
329.969 1.27184
330.069 1.27176
330.169 1.27167
330.27 1.27158
330.37 1.27149
330.47 1.27141
330.57 1.27132
330.67 1.27124
330.77 1.27115
330.87 1.27107
330.97 1.27098
331.07 1.2709
331.17 1.27081
331.27 1.27073
331.37 1.27064
331.47 1.27056
331.57 1.27047
331.67 1.27039
331.77 1.2703
331.87 1.27022
331.97 1.27013
332.07 1.27005
332.17 1.26996
332.27 1.26988
332.37 1.26979
332.47 1.26971
332.57 1.26962
332.67 1.26953
332.77 1.26944
332.87 1.26934
332.97 1.26925
333.07 1.26916
333.17 1.26907
333.27 1.26898
333.37 1.26889
333.47 1.2688
333.57 1.26871
333.67 1.26862
333.77 1.26853
333.87 1.26844
333.97 1.26835
334.07 1.26826
334.17 1.26817
334.27 1.26809
334.37 1.268
334.47 1.26792
334.57 1.26784
334.67 1.26775
334.77 1.26767
334.87 1.26759
334.97 1.26751
335.07 1.26743
335.17 1.26735
335.27 1.26727
335.37 1.26719
335.47 1.26711
335.571 1.26704
335.671 1.26696
335.771 1.26689
335.871 1.26681
335.971 1.26674
336.071 1.26666
336.171 1.26659
336.271 1.26651
336.371 1.26644
336.471 1.26636
336.571 1.26629
336.671 1.26621
336.771 1.26614
336.871 1.26606
336.971 1.26599
337.071 1.26592
337.171 1.26584
337.271 1.26577
337.371 1.26569
337.471 1.26562
337.571 1.26555
337.671 1.26547
337.771 1.2654
337.871 1.26532
337.971 1.26525
338.071 1.26518
338.171 1.2651
338.271 1.26503
338.371 1.26495
338.471 1.26488
338.571 1.26481
338.671 1.26474
338.771 1.26467
338.871 1.2646
338.971 1.26453
339.071 1.26446
339.171 1.26438
339.271 1.26431
339.371 1.26424
339.471 1.26417
339.571 1.2641
339.671 1.26403
339.771 1.26396
339.871 1.26388
339.971 1.2638
340.071 1.26373
340.171 1.26365
340.271 1.26357
340.371 1.2635
340.471 1.26342
340.571 1.26334
340.671 1.26326
340.772 1.26319
340.872 1.26311
340.972 1.26303
341.072 1.26296
341.172 1.26289
341.272 1.26282
341.372 1.26274
341.472 1.26267
341.572 1.2626
341.672 1.26252
341.772 1.26245
341.872 1.26238
341.972 1.26231
342.072 1.26223
342.172 1.26216
342.272 1.26209
342.372 1.26202
342.472 1.26195
342.572 1.26188
342.672 1.2618
342.772 1.26173
342.872 1.26166
342.972 1.26159
343.072 1.26152
343.172 1.26145
343.272 1.26137
343.372 1.26129
343.472 1.26122
343.572 1.26114
343.672 1.26106
343.772 1.26099
343.872 1.26091
343.972 1.26083
344.072 1.26075
344.172 1.26067
344.272 1.26059
344.372 1.2605
344.472 1.26042
344.572 1.26034
344.672 1.26026
344.772 1.26018
344.872 1.2601
344.972 1.26002
345.072 1.25994
345.172 1.25986
345.272 1.25977
345.372 1.25969
345.472 1.25961
345.572 1.25953
345.672 1.25945
345.772 1.25937
345.872 1.25929
345.972 1.25921
346.073 1.25914
346.173 1.25906
346.273 1.25898
346.373 1.2589
346.473 1.25881
346.573 1.25873
346.673 1.25865
346.773 1.25857
346.873 1.25849
346.973 1.25841
347.073 1.25833
347.173 1.25825
347.273 1.25817
347.373 1.25809
347.473 1.25801
347.573 1.25793
347.673 1.25785
347.773 1.25777
347.873 1.25769
347.973 1.25761
348.073 1.25753
348.173 1.25745
348.273 1.25737
348.373 1.25729
348.473 1.25721
348.573 1.25713
348.673 1.25705
348.773 1.25697
348.873 1.25689
348.973 1.25681
349.073 1.25673
349.173 1.25665
349.273 1.25657
349.373 1.2565
349.473 1.25642
349.573 1.25634
349.673 1.25626
349.773 1.25618
349.873 1.2561
349.973 1.25602
350.073 1.25594
350.173 1.25587
350.273 1.25579
350.373 1.25571
350.473 1.25564
350.573 1.25557
350.673 1.25549
350.773 1.25542
350.873 1.25535
350.973 1.25528
351.073 1.25521
351.173 1.25513
351.274 1.25506
351.374 1.25499
351.474 1.25492
351.574 1.25485
351.674 1.25478
351.774 1.25471
351.874 1.25464
351.974 1.25458
352.074 1.25451
352.174 1.25444
352.274 1.25437
352.374 1.2543
352.474 1.25423
352.574 1.25416
352.674 1.25409
352.774 1.25402
352.874 1.25395
352.974 1.25389
353.074 1.25382
353.174 1.25375
353.274 1.25369
353.374 1.25362
353.474 1.25356
353.574 1.25349
353.674 1.25343
353.774 1.25336
353.874 1.2533
353.974 1.25323
354.074 1.25317
354.174 1.2531
354.274 1.25303
354.374 1.25297
354.474 1.2529
354.574 1.25284
354.674 1.25277
354.774 1.2527
354.874 1.25264
354.974 1.25257
355.074 1.2525
355.174 1.25244
355.274 1.25237
355.374 1.25231
355.474 1.25224
355.574 1.25217
355.674 1.25211
355.774 1.25204
355.874 1.25198
355.974 1.25191
356.074 1.25185
356.174 1.25178
356.274 1.25172
356.374 1.25165
356.474 1.25158
356.575 1.25151
356.675 1.25145
356.775 1.25138
356.875 1.25131
356.975 1.25124
357.075 1.25117
357.175 1.2511
357.275 1.25104
357.375 1.25097
357.475 1.2509
357.575 1.25083
357.675 1.25076
357.775 1.25069
357.875 1.25062
357.975 1.25056
358.075 1.25049
358.175 1.25042
358.275 1.25036
358.375 1.25029
358.475 1.25022
358.575 1.25015
358.675 1.25008
358.775 1.25001
358.875 1.24995
358.975 1.24988
359.075 1.24981
359.175 1.24974
359.275 1.24967
359.375 1.2496
359.475 1.24953
359.575 1.24946
359.675 1.24939
359.775 1.24932
359.875 1.24925
359.975 1.24918
360.075 1.24911
360.175 1.24904
360.275 1.24897
360.375 1.2489
360.475 1.24883
360.575 1.24876
360.675 1.24868
360.775 1.24861
360.875 1.24854
360.975 1.24847
361.075 1.24839
361.175 1.24832
361.275 1.24825
361.375 1.24818
361.475 1.24811
361.575 1.24803
361.675 1.24796
361.775 1.24789
361.876 1.24781
361.976 1.24774
362.076 1.24766
362.176 1.24759
362.276 1.24752
362.376 1.24744
362.476 1.24737
362.576 1.24729
362.676 1.24722
362.776 1.24715
362.876 1.24707
362.976 1.247
363.076 1.24692
363.176 1.24685
363.276 1.24677
363.376 1.2467
363.476 1.24663
363.576 1.24655
363.676 1.24648
363.776 1.2464
363.876 1.24633
363.976 1.24625
364.076 1.24618
364.176 1.2461
364.276 1.24603
364.376 1.24595
364.476 1.24588
364.576 1.2458
364.676 1.24573
364.776 1.24565
364.876 1.24558
364.976 1.2455
365.076 1.24542
365.176 1.24535
365.276 1.24527
365.376 1.24519
365.476 1.24512
365.576 1.24504
365.676 1.24496
365.776 1.24489
365.876 1.24481
365.976 1.24473
366.076 1.24466
366.176 1.24458
366.276 1.2445
366.376 1.24442
366.476 1.24435
366.576 1.24427
366.676 1.24419
366.776 1.24412
366.876 1.24404
366.976 1.24396
367.077 1.24389
367.177 1.24381
367.277 1.24373
367.377 1.24365
367.477 1.24357
367.577 1.24349
367.677 1.24341
367.777 1.24332
367.877 1.24324
367.977 1.24316
368.077 1.24308
368.177 1.243
368.277 1.24292
368.377 1.24283
368.477 1.24275
368.577 1.24267
368.677 1.24258
368.777 1.2425
368.877 1.24241
368.977 1.24233
369.077 1.24225
369.177 1.24216
369.277 1.24208
369.377 1.242
369.477 1.24192
369.577 1.24183
369.677 1.24175
369.777 1.24167
369.877 1.24159
369.977 1.2415
370.077 1.24142
370.177 1.24134
370.277 1.24126
370.377 1.24118
370.477 1.2411
370.577 1.24102
370.677 1.24093
370.777 1.24085
370.877 1.24077
370.977 1.24069
371.077 1.24062
371.177 1.24054
371.277 1.24046
371.377 1.24038
371.477 1.2403
371.577 1.24023
371.677 1.24015
371.777 1.24007
371.877 1.23999
371.977 1.23991
372.077 1.23983
372.177 1.23976
372.277 1.23968
372.378 1.2396
372.478 1.23952
372.578 1.23945
372.678 1.23937
372.778 1.2393
372.878 1.23922
372.978 1.23914
373.078 1.23907
373.178 1.23899
373.278 1.23891
373.378 1.23883
373.478 1.23875
373.578 1.23867
373.678 1.23859
373.778 1.2385
373.878 1.23842
373.978 1.23834
374.078 1.23826
374.178 1.23818
374.278 1.2381
374.378 1.23801
374.478 1.23793
374.578 1.23785
374.678 1.23776
374.778 1.23768
374.878 1.2376
374.978 1.23751
375.078 1.23743
375.178 1.23734
375.278 1.23726
375.378 1.23718
375.478 1.2371
375.578 1.23702
375.678 1.23694
375.778 1.23686
375.878 1.23677
375.978 1.23669
376.078 1.23661
376.178 1.23653
376.278 1.23645
376.378 1.23637
376.478 1.23629
376.578 1.23621
376.678 1.23613
376.778 1.23605
376.878 1.23597
376.978 1.2359
377.078 1.23582
377.178 1.23574
377.278 1.23566
377.378 1.23558
377.478 1.2355
377.579 1.23542
377.679 1.23534
377.779 1.23527
377.879 1.23519
377.979 1.23511
378.079 1.23503
378.179 1.23495
378.279 1.23487
378.379 1.23479
378.479 1.23471
378.579 1.23463
378.679 1.23454
378.779 1.23447
378.879 1.23439
378.979 1.23431
379.079 1.23423
379.179 1.23415
379.279 1.23407
379.379 1.23399
379.479 1.23391
379.579 1.23384
379.679 1.23376
379.779 1.23368
379.879 1.2336
379.979 1.23353
380.079 1.23345
380.179 1.23338
380.279 1.2333
380.379 1.23323
380.479 1.23315
380.579 1.23308
380.679 1.233
380.779 1.23293
380.879 1.23285
380.979 1.23278
381.079 1.2327
381.179 1.23263
381.279 1.23256
381.379 1.23248
381.479 1.23241
381.579 1.23234
381.679 1.23226
381.779 1.23219
381.879 1.23212
381.979 1.23204
382.079 1.23197
382.179 1.23189
382.279 1.23182
382.379 1.23175
382.479 1.23168
382.579 1.2316
382.679 1.23153
382.779 1.23146
382.88 1.23139
382.98 1.23131
383.08 1.23124
383.18 1.23117
383.28 1.2311
383.38 1.23103
383.48 1.23096
383.58 1.23089
383.68 1.23082
383.78 1.23075
383.88 1.23069
383.98 1.23062
384.08 1.23055
384.18 1.23048
384.28 1.23042
384.38 1.23035
384.48 1.23029
384.58 1.23022
384.68 1.23015
384.78 1.23009
384.88 1.23002
384.98 1.22996
385.08 1.22989
385.18 1.22982
385.28 1.22976
385.38 1.22969
385.48 1.22962
385.58 1.22956
385.68 1.22949
385.78 1.22943
385.88 1.22936
385.98 1.22929
386.08 1.22922
386.18 1.22916
386.28 1.22909
386.38 1.22902
386.48 1.22895
386.58 1.22888
386.68 1.22882
386.78 1.22875
386.88 1.22868
386.98 1.22861
387.08 1.22854
387.18 1.22848
387.28 1.22841
387.38 1.22834
387.48 1.22827
387.58 1.2282
387.68 1.22813
387.78 1.22806
387.88 1.22799
387.98 1.22792
388.081 1.22784
388.181 1.22777
388.281 1.22769
388.381 1.22762
388.481 1.22754
388.581 1.22746
388.681 1.22739
388.781 1.22731
388.881 1.22724
388.981 1.22716
389.081 1.22709
389.181 1.22701
389.281 1.22693
389.381 1.22686
389.481 1.22678
389.581 1.2267
389.681 1.22663
389.781 1.22655
389.881 1.22648
389.981 1.2264
390.081 1.22632
390.181 1.22624
390.281 1.22616
390.381 1.22609
390.481 1.22601
390.581 1.22593
390.681 1.22585
390.781 1.22577
390.881 1.2257
390.981 1.22562
391.081 1.22554
391.181 1.22546
391.281 1.22538
391.381 1.22531
391.481 1.22523
391.581 1.22515
391.681 1.22507
391.781 1.22499
391.881 1.22492
391.981 1.22484
392.081 1.22477
392.181 1.22469
392.281 1.22462
392.381 1.22454
392.481 1.22447
392.581 1.2244
392.681 1.22432
392.781 1.22425
392.881 1.22418
392.981 1.22411
393.081 1.22404
393.181 1.22397
393.281 1.2239
393.382 1.22383
393.482 1.22377
393.582 1.2237
393.682 1.22363
393.782 1.22357
393.882 1.2235
393.982 1.22344
394.082 1.22337
394.182 1.22331
394.282 1.22324
394.382 1.22318
394.482 1.22311
394.582 1.22305
394.682 1.22298
394.782 1.22292
394.882 1.22286
394.982 1.22279
395.082 1.22273
395.182 1.22267
395.282 1.22261
395.382 1.22255
395.482 1.22248
395.582 1.22242
395.682 1.22236
395.782 1.2223
395.882 1.22224
395.982 1.22218
396.082 1.22212
396.182 1.22206
396.282 1.222
396.382 1.22194
396.482 1.22188
396.582 1.22182
396.682 1.22176
396.782 1.2217
396.882 1.22164
396.982 1.22158
397.082 1.22152
397.182 1.22146
397.282 1.2214
397.382 1.22134
397.482 1.22128
397.582 1.22122
397.682 1.22116
397.782 1.2211
397.882 1.22104
397.982 1.22098
398.082 1.22092
398.182 1.22086
398.282 1.2208
398.382 1.22074
398.482 1.22068
398.583 1.22062
398.683 1.22056
398.783 1.2205
398.883 1.22044
398.983 1.22038
399.083 1.22032
399.183 1.22026
399.283 1.22019
399.383 1.22013
399.483 1.22007
399.583 1.22001
399.683 1.21995
399.783 1.21989
399.883 1.21983
399.983 1.21977
400.083 1.21971
400.183 1.21965
400.283 1.21958
400.383 1.21952
400.483 1.21946
400.583 1.21939
400.683 1.21933
400.783 1.21926
400.883 1.2192
400.983 1.21913
401.083 1.21907
401.183 1.21901
401.283 1.21894
401.383 1.21887
401.483 1.21881
401.583 1.21874
401.683 1.21867
401.783 1.21861
401.883 1.21854
401.983 1.21847
402.083 1.21841
402.183 1.21834
402.283 1.21828
402.383 1.21821
402.483 1.21815
402.583 1.21808
402.683 1.21802
402.783 1.21795
402.883 1.21789
402.983 1.21782
403.083 1.21776
403.183 1.2177
403.283 1.21763
403.383 1.21757
403.483 1.2175
403.583 1.21744
403.683 1.21737
403.783 1.21731
403.884 1.21724
403.984 1.21718
404.084 1.21711
404.184 1.21704
404.284 1.21698
404.384 1.21691
404.484 1.21685
404.584 1.21678
404.684 1.21672
404.784 1.21665
404.884 1.21659
404.984 1.21652
405.084 1.21645
405.184 1.21639
405.284 1.21632
405.384 1.21626
405.484 1.21619
405.584 1.21612
405.684 1.21606
405.784 1.21599
405.884 1.21592
405.984 1.21586
406.084 1.21579
406.184 1.21573
406.284 1.21567
406.384 1.2156
406.484 1.21554
406.584 1.21547
406.684 1.21541
406.784 1.21535
406.884 1.21528
406.984 1.21522
407.084 1.21515
407.184 1.21508
407.284 1.21501
407.384 1.21494
407.484 1.21487
407.584 1.21481
407.684 1.21474
407.784 1.21467
407.884 1.2146
407.984 1.21453
408.084 1.21446
408.184 1.2144
408.284 1.21433
408.384 1.21426
408.484 1.21419
408.584 1.21412
408.684 1.21405
408.784 1.21399
408.884 1.21392
408.984 1.21385
409.084 1.21378
409.185 1.21371
409.285 1.21364
409.385 1.21357
409.485 1.21351
409.585 1.21344
409.685 1.21337
409.785 1.21331
409.885 1.21324
409.985 1.21317
410.085 1.21311
410.185 1.21304
410.285 1.21297
410.385 1.21291
410.485 1.21284
410.585 1.21277
410.685 1.21271
410.785 1.21264
410.885 1.21257
410.985 1.2125
411.085 1.21243
411.185 1.21237
411.285 1.2123
411.385 1.21224
411.485 1.21217
411.585 1.2121
411.685 1.21204
411.785 1.21198
411.885 1.21192
411.985 1.21185
412.085 1.21179
412.185 1.21173
412.285 1.21167
412.385 1.2116
412.485 1.21154
412.585 1.21148
412.685 1.21142
412.785 1.21135
412.885 1.21129
412.985 1.21122
413.085 1.21115
413.185 1.21109
413.285 1.21102
413.385 1.21096
413.485 1.21089
413.585 1.21083
413.685 1.21077
413.785 1.2107
413.885 1.21063
413.985 1.21057
414.085 1.2105
414.185 1.21044
414.285 1.21037
414.386 1.2103
414.486 1.21024
414.586 1.21017
414.686 1.2101
414.786 1.21004
414.886 1.20997
414.986 1.2099
415.086 1.20984
415.186 1.20977
415.286 1.20971
415.386 1.20964
415.486 1.20957
415.586 1.20951
415.686 1.20944
415.786 1.20937
415.886 1.20931
415.986 1.20924
416.086 1.20918
416.186 1.20911
416.286 1.20904
416.386 1.20897
416.486 1.2089
416.586 1.20884
416.686 1.20877
416.786 1.2087
416.886 1.20863
416.986 1.20856
417.086 1.2085
417.186 1.20843
417.286 1.20836
417.386 1.20829
417.486 1.20822
417.586 1.20815
417.686 1.20808
417.786 1.20801
417.886 1.20795
417.986 1.20788
418.086 1.20782
418.186 1.20775
418.286 1.20769
418.386 1.20762
418.486 1.20756
418.586 1.20749
418.686 1.20743
418.786 1.20736
418.886 1.2073
418.986 1.20724
419.086 1.20718
419.186 1.20712
419.286 1.20706
419.386 1.207
419.486 1.20694
419.586 1.20688
419.687 1.20681
419.787 1.20675
419.887 1.20669
419.987 1.20663
420.087 1.20657
420.187 1.20651
420.287 1.20644
420.387 1.20638
420.487 1.20632
420.587 1.20626
420.687 1.2062
420.787 1.20614
420.887 1.20607
420.987 1.20601
421.087 1.20595
421.187 1.20588
421.287 1.20582
421.387 1.20576
421.487 1.20569
421.587 1.20563
421.687 1.20557
421.787 1.2055
421.887 1.20544
421.987 1.20537
422.087 1.20531
422.187 1.20525
422.287 1.20518
422.387 1.20512
422.487 1.20505
422.587 1.20499
422.687 1.20493
422.787 1.20486
422.887 1.2048
422.987 1.20474
423.087 1.20468
423.187 1.20461
423.287 1.20455
423.387 1.20449
423.487 1.20442
423.587 1.20436
423.687 1.2043
423.787 1.20423
423.887 1.20417
423.987 1.20411
424.087 1.20404
424.187 1.20398
424.287 1.20391
424.387 1.20385
424.487 1.20379
424.587 1.20372
424.687 1.20366
424.787 1.20359
424.888 1.20353
424.988 1.20347
425.088 1.2034
425.188 1.20334
425.288 1.20328
425.388 1.20322
425.488 1.20315
425.588 1.20309
425.688 1.20302
425.788 1.20296
425.888 1.2029
425.988 1.20284
426.088 1.20277
426.188 1.20271
426.288 1.20265
426.388 1.20259
426.488 1.20252
426.588 1.20246
426.688 1.2024
426.788 1.20233
426.888 1.20227
426.988 1.20221
427.088 1.20214
427.188 1.20208
427.288 1.20201
427.388 1.20195
427.488 1.20188
427.588 1.20182
427.688 1.20175
427.788 1.20169
427.888 1.20162
427.988 1.20156
428.088 1.20149
428.188 1.20143
428.288 1.20136
428.388 1.2013
428.488 1.20123
428.588 1.20117
428.688 1.2011
428.788 1.20104
428.888 1.20098
428.988 1.20091
429.088 1.20085
429.188 1.20078
429.288 1.20072
429.388 1.20066
429.488 1.20059
429.588 1.20053
429.688 1.20047
429.788 1.2004
429.888 1.20034
429.988 1.20028
430.088 1.20021
430.189 1.20015
430.289 1.20009
430.389 1.20002
430.489 1.19996
430.589 1.1999
430.689 1.19984
430.789 1.19977
430.889 1.19971
430.989 1.19965
431.089 1.19959
431.189 1.19952
431.289 1.19946
431.389 1.1994
431.489 1.19934
431.589 1.19928
431.689 1.19921
431.789 1.19915
431.889 1.19909
431.989 1.19903
432.089 1.19897
432.189 1.1989
432.289 1.19884
432.389 1.19878
432.489 1.19872
432.589 1.19866
432.689 1.19859
432.789 1.19853
432.889 1.19847
432.989 1.19841
433.089 1.19835
433.189 1.19829
433.289 1.19823
433.389 1.19817
433.489 1.1981
433.589 1.19804
433.689 1.19798
433.789 1.19792
433.889 1.19786
433.989 1.1978
434.089 1.19774
434.189 1.19768
434.289 1.19762
434.389 1.19756
434.489 1.1975
434.589 1.19744
434.689 1.19738
434.789 1.19732
434.889 1.19726
434.989 1.1972
435.089 1.19714
435.189 1.19708
435.289 1.19702
435.39 1.19696
435.49 1.1969
435.59 1.19684
435.69 1.19678
435.79 1.19672
435.89 1.19666
435.99 1.1966
436.09 1.19654
436.19 1.19648
436.29 1.19642
436.39 1.19636
436.49 1.1963
436.59 1.19624
436.69 1.19618
436.79 1.19612
436.89 1.19607
436.99 1.19601
437.09 1.19595
437.19 1.19589
437.29 1.19583
437.39 1.19578
437.49 1.19572
437.59 1.19566
437.69 1.1956
437.79 1.19554
437.89 1.19548
437.99 1.19542
438.09 1.19536
438.19 1.19531
438.29 1.19525
438.39 1.19519
438.49 1.19513
438.59 1.19507
438.69 1.19501
438.79 1.19496
438.89 1.1949
438.99 1.19484
